13744075812671
79004387078646
506747549773898
191661995231785
1502039360035997
388372610051868
593825131757438
2046104012747666
1246601258152663
1064364922055263
689051572326398
371679115062086
365113010751590
31257205862718
1390592663776143
1105541778760330
976407402711017
2413641097930
1194733763750964
1154727158836809
15245532715413
195054216728646
590387476568281
833046273906601
36560751138502
567989022400
1681832431972125
2628478655630397
863631743201490
1617493717977344
223051196583444
164434711351903
93624233153
432141611057
2391531738877416
254573743773077
650981277143317
21540926226146
57142635409053
2028706444701834
184679797206755
166388590487696
1869821918008
436693848096096
156562830182658
75187629522111
64571235121571
590989646741692
824637866565
1149617758163481
158275601991248
54017323315619
27481215890300
2113758395836946
14934028449079
1734801917687266
486703069932289
150030596096069
1397768021798573
1402620921832
291419612717784
29746687744826
385243301992
256208625980573
3165350396
80394621972421
2045918711404
623337396356667
368140951398049
56784819440014
1107255401064332
233576502997409
541284041484261
1292346869248074
567383289245862
625351753392
930576889082056
273899480583917
6949740847470
1241125385167878
649144510900726
597547160245964
623391891122487
14943926675816
1106939164027534
121016923133591
2246032538018268
629595163969982
574846881139
208487813448593
122720126609838
1914096632800301
1914073951120076
1062855264846019
258422113523812
193200255766597
2545867631590882
87206997634367
1897574058997995
788509893467401
868748174384778
2472737960701808
1787374774333628
146644585496287
269141456720065
14223576212672
2322086919988977
67168150611
626105253514241
348098627401175
222575373674547
3890097050055
887896877857404
15346414615548
1145843686668562
590055265256726
290511665774647
141808940525405
1390766252528
1784078690730720
866454521073772
412433777711250
1197081953673123
2041528884613591
1551060850415712
2041793532639818
602205249824991
973616779603907
176876403624808
102855403894263
155657100058702
114777547925163
868602364413
40554631191411
28719956919
12136263130333
66253671231558
1785210383856376
109753566098305
37597280214310
328716857344525
357393040545
1337308341612956
15527009309757
1835489514261698
71448926093458
984473870234525
620152054451010
259823276928864
1144832027139697
274330139842598
1494588796680637
46292148494695
3111764178538
134170862949955
594647418622096
1286156656807408
541574731402560
180747058950178
1238554629204871
1897876589665791
32091444433358
1782945469530735
1497576169682115
8795550079042
193048201812862
190892601307952
1910839276353466
290340370562759
305228350321412
2474463636430
1442302056096278
823447512753539
714594207935171
2469564391820722
23736195894675
3287283869645
15988477655422
308288851170661
1502052518510185
6631339556349
901062703534075
2039561285698441
26360589522
161067374793
12941357422634
9275262344671
1013942015317446
129574826589046
281388678584
451141334671
972860493151069
152173868325770
25315800297828
1195772788453909
120735834895798
1020252591441249
99607905006
168756627038309
1667022381312269
2321832974399489
592945278174337
371677133071
87796768933200
19833160131140
310946577853123
1193029647472648
49137937548527
17061759126672
