Yes
101010101001010101010101010101010010101001010101001010101010101010101010010101010010101010101010101010100101010101010101010101001010101010101010101010101010010101010101010101010100101010101010101010101010101010010101010101010100101010101010101010101010101001010101001010101010101010101010010010010000
010101010100101010101010101010100101010100101010010101010101010101010100101010101001010101010101010101001010101010101010101010010101010101010101010101010100101010101010101010101001010101010101010101010101010100101010101010101010010101010101010101010101010010101010010101010101010101010101000101000000
101010101001010101010101010101001010101001010100101010101010101010101001010101010010101010101010101010010101010101010101010101001010101010101010101010101001010101010101010101010010101010101010101010101010101001010101010101010100101010101010101010101010100101010100101010101010101010101010010010010000
010101010100101010101010101010010101010100101010010101010101010101010010101010100101010101010101010100101010101010101010101010010101010101010101010101010010101010101010101010100101010101010101010101010101010010101010101010101010010101010101010101010101001010101001010101010101010101010101000101000000
101010101001010101010101010100101010101001010100101010101010101010100101010101010010101010101010101001010101010101010101010100101010101010101010101010100101010101010101010101010010101010101010101010101010100101010101010101010100101010101010101010101010010101010100101010101010101010101010010010010000
010101010100101010101010101001010101010100101010010101010101010101001010101010100101010101010101010010101010101010101010101001010101010101010101010101010010101010101010101010100101010101010101010101010101001010101010101010101001010101010101010101010100101010101001010101010101010101010100100101000000
101010101001010101010101010010101010101001010100101010101010101010010101010101001010101010101010100101010101010101010101010010101010101010101010101010100101010101010101010101001010101010101010101010101010010101010101010101010100101010101010101010101001010101010100101010101010101010101001010010010000
010101010100101010101010100101010101010100101010010101010101010100101010101010100101010101010101001010101010101010101010100101010101010101010101010101001010101010101010101010010101010101010101010101010100101010101010101010101001010101010101010101010010101010101001010101010101010101010100100101000000
101010101001010101010101001010101010101001010100101010101010101001010101010101001010101010101010100101010101010101010101001010101010101010101010101010010101010101010101010100101010101010101010101010101001010101010101010101010100101010101010101010100101010101010100101010101010101010101001010010010000
010101010010101010101010010101010101010010101010010101010101010100101010101010100101010101010101001010101010101010101010010101010101010101010101010100101010101010101010101001010101010101010101010101010010101010101010101010101001010101010101010101001010101010101001010101010101010101010010100101000000
101010100101010101010100101010101010101001010100101010101010101001010101010101001010101010101010010101010101010101010101001010101010101010101010101001010101010101010101010100101010101010101010101010100101010101010101010101010010101010101010101010010101010101010010101010101010101010100101010010010000
010101010010101010101001010101010101010010101010010101010101010010101010101010100101010101010101001010101010101010101010010101010101010101010101010010101010101010101010101001010101010101010101010101001010101010101010101010100101010101010101010100101010101010101001010101010101010101001010100101000000
101010100101010101010010101010101010101001010100101010101010100101010101010101001010101010101010010101010101010101010101001010101010101010101010100101010101010101010101010100101010101010101010101010010101010101010101010101001010101010101010101001010101010101010010101010101010101010100101010010010000
010101001010101010100101010101010101010010101001010101010101001010101010101010010101010101010100101010101010101010101010010101010101010101010101001010101010101010101010101001010101010101010101010100101010101010101010101010010101010101010101010010101010101010101001010101010101010101001010100101000000
101010100101010101001010101010101010101001010010101010101010010101010101010101001010101010101001010101010101010101010100101010101010101010101010010101010101010101010101010010101010101010101010101001010101010101010101010101001010101010101010100101010101010101010010101010101010101010100101010010010000
010101001010101010100101010101010101010010101001010101010100101010101010101010010101010101010010101010101010101010101001010101010101010101010100101010101010101010101010100101010101010101010101010010101010101010101010101010010101010101010101001010101010101010101001010101010101010101001010100101000000
101010100101010101001010101010101010100101010010101010101001010101010101010101001010101010100101010101010101010101010100101010101010101010101001010101010101010101010101001010101010101010101010100101010101010101010101010100101010101010101010010101010101010101010010101010101010101010010101010010010000
010101001010101010100101010101010101010010100101010101010010101010101010101010010101010101001010101010101010101010101001010101010101010101010010101010101010101010101010010101010101010101010101001010101010101010101010101001010101010101010100101010101010101010101001010101010101010100101010100101000000
101010010101010101001010101010101010100101010010101010100101010101010101010101001010101010010101010101010101010101010010101010101010101010100101010101010101010101010100101010101010101010101010010101010101010101010101010010101010101010101010010101010101010101010010101010101010101001010101010010010000
010100101010101010100101010101010101010010100101010101010010101010101010101010010101010100101010101010101010101010100101010101010101010101001010101010101010101010101001010101010101010101010100101010101010101010101010100101010101010101010100101010101010101010101001010101010101010010101010100101000000
101010010101010101001010101010101010100101001010101010100101010101010101010101001010101010010101010101010101010101001010101010101010101010010101010101010101010101010010101010101010101010101001010101010101010101010101001010101010101010101010010101010101010101010010101010101010100101010101010010010000
010100101010101010010101010101010101010010010101010101001010101010101010101010010101010100101010101010101010101010010101010101010101010100101010101010101010101010100101010101010101010101010010101010101010101010101010100101010101010101010100101010101010101010101001010101010101001010101010100101000000
101010010101010101001010101010101010100101001010101010010101010101010101010100101010101010010101010101010101010100101010101010101010101001010101010101010101010101001010101010101010101010101001010101010101010101010101001010101010101010101001010101010101010101010010101010101010010101010101010010010000
010100101010101010010101010101010101001010010101010100101010101010101010101001010101010100101010101010101010101001010101010101010101010010101010101010101010101010010101010101010101010101010010101010101010101010101010100101010101010101010010101010101010101010101001010101010100101010101010100101000000
101001010101010101001010101010101010100101001010101001010101010101010101010100101010101001010101010101010101010010101010101010101010100101010101010101010101010101001010101010101010101010100101010101010101010101010101001010101010101010100101010101010101010101010010101010101001010101010101010010010000
010010101010101010010101010101010101001010010101010100101010101010101010101001010101010010101010101010101010100101010101010101010101010010101010101010101010101010010101010101010101010101001010101010101010101010101010010101010101010101001010101010101010101010101001010101010010101010101010100100100000
100101010101010100101010101010101010100101001010101001010101010101010101010100101010100101010101010101010101010010101010101010101010100101010101010101010101010100101010101010101010101010010101010101010101010101010100101010101010101010010101010101010101010101010010101010100101010101010101010010010000
010010101010101001010101010101010101001010010101010100101010101010101010101001010101001010101010101010101010100101010101010101010101001010101010101010101010101001010101010101010101010100101010101010101010101010101010010101010101010100101010101010101010101010100101010101001010101010101010100100100000
100101010101010010101010101010101010100101001010101001010101010101010101010010101010100101010101010101010101001010101010101010101010010101010101010101010101010010101010101010101010101001010101010101010101010101010100101010101010101001010101010101010101010101010010101010010101010101010101010010010000
010010101010100101010101010101010101001010010101010100101010101010101010101001010101001010101010101010101010010101010101010101010100101010101010101010101010100101010101010101010101010010101010101010101010101010101001010101010101010010101010101010101010101010100101010100101010101010101010100100100000
100101010101001010101010101010101010010101001010101001010101010101010101010010101010010101010101010101010100101010101010101010101001010101010101010101010101010010101010101010101010100101010101010101010101010101010010101010101010100101010101010101010101010101001010101001010101010101010101010010010000
