Yes
101010101010101010101010101010101000000001010101010101010101010000000000101010101010101010101010101010101010100000000001010101010101010101010000101010101010101010101010000000000000000101010101010101010101010101010100000000000010101010010101010101010101010000001010101010101010101001001010100100100000
010101010101010101010101010101010100101010101010101010101010101001010100010101010101010101010101010101010101001010101010101010101010101010100101010101010101010101010101001000101010101010101010101010101010101010101001010000000101010100101010101010101010100001010101010101010101010100100101001010000000
101010101010101010101010101010101001010101010101010101010101010010101010101010101010101010101010101010101010010101010101010101010101010101000010101010101010101010101010010101000000010101010101010101010101010101010010101010100010101010010101010101010101001000101010101010101010101001001010100100100000
010101010101010101010101010101010010101010101010101010101010101001010100010101010101010101010101010101010101001010101010101010101010101010010101010101010101010101010101001010101010101010101010101010101010101010100101010100000101010100101010101010101010010001010101010101010101010000100101001010000000
101010101010101010101010101010100101010101010101010101010101010010101010101010101010101010101010101010101010010101010101010101010101010101001010101010101010101010101010010101010001010101010101010101010101010101001010101010100010101010010101010101010101001010101010101010101010100101001010010100100000
010101010101010101010101010101001010101010101010101010101010101001010101010101010101010101010101010101010100101010101010101010101010101010010101010101010101010101010100101010101010101010101010101010101010101010010101010101010101010100101010101010101010010101010101010101010101001010100101001010000000
101010101010101010101010101010100101010101010101010101010101010010101010101010101010101010101010101010101001010101010101010101010101010100101010101010101010101010101010010101010101010101010101010101010101010101001010101010101010101010010101010101010101001010101010101010101010100101001010010100100000
010101010101010101010101010101001010101010101010101010101010101001010101010101010101010101010101010101010010101010101010101010101010101010010101010101010101010101010100101010101010101010101010101010101010101010010101010101010101010100101010101010101010010101010101010101010101001010100101001010000000
101010101010101010101010101010100101010101010101010101010101010010101010101010101010101010101010101010100101010101010101010101010101010100101010101010101010101010101010010101010101010101010101010101010101010100101010101010101010101001010101010101010101001010101010101010101010010101001010010100100000
010101010101010101010101010101001010101010101010101010101010101001010101010101010101010101010101010101001010101010101010101010101010101010010101010101010101010101010100101010101010101010101010101010101010101001010101010101010101010010101010101010101010010101010101010101010101001010100101001010000000
101010101010101010101010101010010101010101010101010101010101010010101010101010101010101010101010101010010101010101010101010101010101010100101010101010101010101010101001010101010101010101010101010101010101010010101010101010101010101001010101010101010100101010101010101010101010010101001010010100100000
010101010101010101010101010100101010101010101010101010101010101001010101010101010101010101010101010100101010101010101010101010101010101001010101010101010101010101010010101010101010101010101010101010101010100101010101010101010101010010101010101010101001010101010101010101010100101010100100101010000000
101010101010101010101010101001010101010101010101010101010101010010101010101010101010101010101010101001010101010101010101010101010101010100101010101010101010101010100101010101010101010101010101010101010101001010101010101010101010101001010101010101010010101010101010101010101010010101001010010100100000
010101010101010101010101010010101010101010101010101010101010101001010101010101010101010101010101010010101010101010101010101010101010101001010101010101010101010101001010101010101010101010101010101010101010010101010101010101010101010010101010101010101001010101010101010101010100101010100100101010000000
101010101010101010101010100101010101010101010101010101010101010010101010101010101010101010101010100101010101010101010101010101010101010010101010101010101010101010010101010101010101010101010101010101010101001010101010101010101010101001010101010101010010101010101010101010101001010101001010010100100000
010101010101010101010101001010101010101010101010101010101010100001010101010101010101010101010101001010101010101010101010101010101010100101010101010101010101010101001010101010101010101010101010101010101010010101010101010101010101010010101010101010101001010101010101010101010010101010100100101010000000
101010101010101010101010010101010101010101010101010101010101001010101010101010101010101010101010010101010101010101010101010101010101010010101010101010101010101010010101010101010101010101010101010101010101001010101010101010101010101001010101010101010010101010101010101010101001010101001010010100100000
010101010101010101010100101010101010101010101010101010101010010001010101010101010101010101010100101010101010101010101010101010101010100101010101010101010101010100101010101010101010101010101010101010101010010101010101010101010101010010101010101010101001010101010101010101010010101010100100101010000000
101010101010101010101010010101010101010101010101010101010100101010101010101010101010101010101001010101010101010101010101010101010101001010101010101010101010101001010101010101010101010101010101010101010101001010101010101010101010100101010101010101010010101010101010101010101001010101001001010100100000
010101010101010101010100101010101010101010101010101010101001010101010101010101010101010101010010101010101010101010101010101010101010100101010101010101010101010100101010101010101010101010101010101010101010010101010101010101010101001010101010101010101001010101010101010101010010101010100100101010000000
101010101010101010101001010101010101010101010101010101010100101010101010101010101010101010100101010101010101010101010101010101010101001010101010101010101010101001010101010101010101010101010101010101010101001010101010101010101010010101010101010101010010101010101010101010100101010101001001010100100000
010101010101010101010010101010101010101010101010101010101001010101010101010101010101010101001010101010101010101010101010101010101010100101010101010101010101010010101010101010101010101010101010101010101010010101010101010101010101001010101010101010101001010101010101010101001010101010100100101010000000
101010101010101010100101010101010101010101010101010101010010101010101010101010101010101010010101010101010101010101010101010101010101001010101010101010101010101001010101010101010101010101010101010101010100101010101010101010101010010101010101010101010010101010101010101010100101010101001001010100100000
010101010101010101001010101010101010101010101010101010100101010101010101010101010101010100101010101010101010101010101010101010101010100101010101010101010101010010101010101010101010101010101010101010101001010101010101010101010101001010101010101010101001010101010101010101001010101010100100101010000000
101010101010101010010101010101010101010101010101010101010010101010101010101010101010101001010101010101010101010101010101010101010101001010101010101010101010101001010101010101010101010101010101010101010010101010101010101010101010010101010101010101010010101010101010101010010101010101001001010100100000
010101010101010100101010101010101010101010101010101010100101010101010101010101010101010010101010101010101010101010101010101010101010100101010101010101010101010010101010101010101010101010101010101010101001010101010101010101010101001010101010101010101001010101010101010100101010101010100010101010000000
101010101010101001010101010101010101010101010101010101010010101010101010101010101010101001010101010101010101010101010101010101010101001010101010101010101010100101010101010101010101010101010101010101010010101010101010101010101010010101010101010101010010101010101010101010010101010101001001010100100000
010101010101010010101010101010101010101010101010101010100101010101010101010101010101010010101010101010101010101010101010101010101010100101010101010101010101001010101010101010101010101010101010101010100101010101010101010101010101001010101010101010101001010101010101010100101010101010100010101010000000
101010101010100101010101010101010101010101010101010101001010101010101010101010101010100101010101010101010101010101010101010101010101001010101010101010101010010101010101010101010101010101010101010101001010101010101010101010101010010101010101010101010010101010101010101010010101010101001001010100100000
010101010101001010101010101010101010101010101010101010010101010101010101010101010101001010101010101010101010101010101010101010101010010101010101010101010101001010101010101010101010101010101010101010010101010101010101010101010101001010101010101010100101010101010101010100101010101010100010101010000000
101010101010100101010101010101010101010101010101010100101010101010101010101010101010010101010101010101010101010101010101010101010100101010101010101010101010010101010101010101010101010101010101010100101010101010101010101010101010010101010101010101001010101010101010101001010101010101001001010100100000
010101010101001010101010101010101010101010101010101001010101010101010101010101010100101010101010101010101010101010101010101010101001010101010101010101010100101010101010101010101010101010101010101001010101010101010101010101010101001010101010101010100101010101010101010010101010101010010010101010000000
101010101010010101010101010101010101010101010101010010101010101010101010101010101001010101010101010101010101010101010101010101010100101010101010101010101010010101010101010101010101010101010101010010101010101010101010101010101010010101010101010101001010101010101010101001010101010101001001010100100000
010101010101001010101010101010101010101010101010100101010101010101010101010101010010101010101010101010101010101010101010101010101001010101010101010101010100101010101010101010101010101010101010100101010101010101010101010101010101001010101010101010010101010101010101010010101010101010010010101010000000
101010101010010101010101010101010101010101010101001010101010101010101010101010100101010101010101010101010101010101010101010101010010101010101010101010101001010101010101010101010101010101010101001010101010101010101010101010101010010101010101010100101010101010101010101001010101010101001001010100100000
010101010101001010101010101010101010101010101010100101010101010101010101010101001010101010101010101010101010101010101010101010100101010101010101010101010010101010101010101010101010101010101010010101010101010101010101010101010101001010101010101001010101010101010101010010101010101010010010101010000000
101010101010010101010101010101010101010101010101001010101010101010101010101010100101010101010101010101010101010101010101010101001010101010101010101010101001010101010101010101010101010101010100101010101010101010101010101010101010010101010101010100101010101010101010101001010101010101001001010100100000
010101010101001010101010101010101010101010101010100101010101010101010101010101001010101010101010101010101010101010101010101010010101010101010101010101010010101010101010101010101010101010101001010101010101010101010101010101010101001010101010101001010101010101010101010010101010101010010010101010000000
101010101010010101010101010101010101010101010101001010101010101010101010101010100101010101010101010101010101010101010101010100101010101010101010101010101001010101010101010101010101010101010010101010101010101010101010101010101010010101010101010010101010101010101010100101010101010101001001010100100000
010101010100101010101010101010101010101010101010010101010101010101010101010101001010101010101010101010101010101010101010101001010101010101010101010101010010101010101010101010101010101010100101010101010101010101010101010101010100101010101010101001010101010101010101010010101010101010010010101010000000
101010101001010101010101010101010101010101010100101010101010101010101010101010100101010101010101010101010101010101010101010010101010101010101010101010100101010101010101010101010101010101001010101010101010101010101010101010101010010101010101010010101010101010101010100101010101010101001001010100100000
010101010010101010101010101010101010101010101001010101010101010101010101010101001010101010101010101010101010101010101010100101010101010101010101010101001010101010101010101010101010101010010101010101010101010101010101010101010100101010101010100101010101010101010101001010101010101010010010101001000000
101010100101010101010101010101010101010101010100101010101010101010101010101010010101010101010101010101010101010101010101010010101010101010101010101010010101010101010101010101010101010100101010101010101010101010101010101010101010010101010101001010101010101010101010010101010101010101001001010100100000
010101001010101010101010101010101010101010101001010101010101010101010101010100101010101010101010101010101010101010101010100101010101010101010101010100101010101010101010101010101010101001010101010101010101010101010101010101010100101010101010010101010101010101010101001010101010101010010010101001000000
101010010101010101010101010101010101010101010100101010101010101010101010101001010101010101010101010101010101010101010101010010101010101010101010101001010101010101010101010101010101010100101010101010101010101010101010101010101010010101010100101010101010101010101010010101010101010101001001010100100000
010100101010101010101010101010101010101010101001010101010101010101010101010010101010101010101010101010101010101010101010100101010101010101010101010100101010101010101010101010101010101001010101010101010101010101010101010101010100101010101001010101010101010101010100101010101010101010010010101001000000
101001010101010101010101010101010101010101010010101010101010101010101010101001010101010101010101010101010101010101010101001010101010101010101010101001010101010101010101010101010101010100101010101010101010101010101010101010101010010101010010101010101010101010101001010101010101010101001001010100100000
010010101010101010101010101010101010101010100101010101010101010101010101010010101010101010101010101010101010101010101010010101010101010101010101010010101010101010101010101010101010101001010101010101010101010101010101010101010100101010100101010101010101010101010100101010101010101010010010101001000000
100101010101010101010101010101010101010101001010101010101010101010101010100101010101010101010101010101010101010101010101001010101010101010101010100101010101010101010101010101010101010100101010101010101010101010101010101010101010010101010010101010101010101010101001010101010101010101001001010100100000
