Yes
101010101010101010101010101010101010101010101010101010010101010101010101010101010101010101010101010101010101010101010101010101010101010101010101010101010101010101010101010101010101010101010101010101010101010101010101010101010101010101010101010101010101010101010101010101010101010101010101010010010000
010101010101010101010101010101010101010101010101010101001010101010101010101010101010101010101010101010101010101010101010101010101010101010101010101010101010101010101010101010101010101010101010101010101010101010101010101010101010101010101010101010101010101010101010101010101010101010101010100101000000
101010101010101010101010101010101010101010101010101010010101010101010101010101010101010101010101010101010101010101010101010101010101010101010101010101010101010101010101010101010101010101010101010101010101010101010101010101010101010101010101010101010101010101010101010101010101010101010101001010010000
010101010101010101010101010101010101010101010101010100101010101010101010101010101010101010101010101010101010101010101010101010101010101010101010101010101010101010101010101010101010101010101010101010101010101010101010101010101010101010101010101010101010101010101010101010101010101010101010010101000000
101010101010101010101010101010101010101010101010101010010101010101010101010101010101010101010101010101010101010101010101010101010101010101010101010101010101010101010101010101010101010101010101010101010101010101010101010101010101010101010101010101010101010101010101010101010101010101010100101010010000
010101010101010101010101010101010101010101010101010100101010101010101010101010101010101010101010101010101010101010101010101010101010101010101010101010101010101010101010101010101010101010101010101010101010101010101010101010101010101010101010101010101010101010101010101010101010101010101001010101000000
101010101010101010101010101010101010101010101010101010010101010101010101010101010101010101010101010101010101010101010101010101010101010101010101010101010101010101010101010101010101010101010101010101010101010101010101010101010101010101010101010101010101010101010101010101010101010101010010101010010000
010101010101010101010101010101010101010101010101010100101010101010101010101010101010101010101010101010101010101010101010101010101010101010101010101010101010101010101010101010101010101010101010101010101010101010101010101010101010101010101010101010101010101010101010101010101010101010100101010101000000
101010101010101010101010101010101010101010101010101010010101010101010101010101010101010101010101010101010101010101010101010101010101010101010101010101010101010101010101010101010101010101010101010101010101010101010101010101010101010101010101010101010101010101010101010101010101010101001010101010010000
010101010101010101010101010101010101010101010101010100101010101010101010101010101010101010101010101010101010101010101010101010101010101010101010101010101010101010101010101010101010101010101010101010101010101010101010101010101010101010101010101010101010101010101010101010101010101010010101010101000000
101010101010101010101010101010101010101010101010101001010101010101010101010101010101010101010101010101010101010101010101010101010101010101010101010101010101010101010101010101010101010101010101010101010101010101010101010101010101010101010101010101010101010101010101010101010101010100101010101010010000
010101010101010101010101010101010101010101010101010100101010101010101010101010101010101010101010101010101010101010101010101010101010101010101010101010101010101010101010101010101010101010101010101010101010101010101010101010101010101010101010101010101010101010101010101010101010101001010101010101000000
101010101010101010101010101010101010101010101010101001010101010101010101010101010101010101010101010101010101010101010101010101010101010101010101010101010101010101010101010101010101010101010101010101010101010101010101010101010101010101010101010101010101010101010101010101010101010010101010101010010000
010101010101010101010101010101010101010101010101010010101010101010101010101010101010101010101010101010101010101010101010101010101010101010101010101010101010101010101010101010101010101010101010101010101010101010101010101010101010101010101010101010101010101010101010101010101010100101010101010101000000
101010101010101010101010101010101010101010101010101001010101010101010101010101010101010101010101010101010101010101010101010101010101010101010101010101010101010101010101010101010101010101010101010101010101010101010101010101010101010101010101010101010101010101010101010101010101001010101010101010010000
010101010101010101010101010101010101010101010101010010101010101010101010101010101010101010101010101010101010101010101010101010101010101010101010101010101010101010101010101010101010101010101010101010101010101010101010101010101010101010101010101010101010101010101010101010101010010101010101010101000000
101010101010101010101010101010101010101010101010101001010101010101010101010101010101010101010101010101010101010101010101010101010101010101010101010101010101010101010101010101010101010101010101010101010101010101010101010101010101010101010101010101010101010101010101010101010100101010101010101010010000
010101010101010101010101010101010101010101010101010010101010101010101010101010101010101010101010101010101010101010101010101010101010101010101010101010101010101010101010101010101010101010101010101010101010101010101010101010101010101010101010101010101010101010101010101010101001010101010101010101000000
101010101010101010101010101010101010101010101010101001010101010101010101010101010101010101010101010101010101010101010101010101010101010101010101010101010101010101010101010101010101010101010101010101010101010101010101010101010101010101010101010101010101010101010101010101010010101010101010101010010000
010101010101010101010101010101010101010101010101010010101010101010101010101010101010101010101010101010101010101010101010101010101010101010101010101010101010101010101010101010101010101010101010101010101010101010101010101010101010101010101010101010101010101010101010101010100101010101010101010101000000
101010101010101010101010101010101010101010101010100101010101010101010101010101010101010101010101010101010101010101010101010101010101010101010101010101010101010101010101010101010101010101010101010101010101010101010101010101010101010101010101010101010101010101010101010101001010101010101010101010010000
010101010101010101010101010101010101010101010101010010101010101010101010101010101010101010101010101010101010101010101010101010101010101010101010101010101010101010101010101010101010101010101010101010101010101010101010101010101010101010101010101010101010101010101010101010010101010101010101010101000000
101010101010101010101010101010101010101010101010100101010101010101010101010101010101010101010101010101010101010101010101010101010101010101010101010101010101010101010101010101010101010101010101010101010101010101010101010101010101010101010101010101010101010101010101010100101010101010101010101010010000
010101010101010101010101010101010101010101010101010010101010101010101010101010101010101010101010101010101010101010101010101010101010101010101010101010101010101010101010101010101010101010101010101010101010101010101010101010101010101010101010101010101010101010101010101001010101010101010101010101000000
101010101010101010101010101010101010101010101010100101010101010101010101010101010101010101010101010101010101010101010101010101010101010101010101010101010101010101010101010101010101010101010101010101010101010101010101010101010101010101010101010101010101010101010101010010101010101010101010101010010000
010101010101010101010101010101010101010101010101001010101010101010101010101010101010101010101010101010101010101010101010101010101010101010101010101010101010101010101010101010101010101010101010101010101010101010101010101010101010101010101010101010101010101010101010100101010101010101010101010101000000
101010101010101010101010101010101010101010101010010101010101010101010101010101010101010101010101010101010101010101010101010101010101010101010101010101010101010101010101010101010101010101010101010101010101010101010101010101010101010101010101010101010101010101010101001010101010101010101010101010010000
010101010101010101010101010101010101010101010100101010101010101010101010101010101010101010101010101010101010101010101010101010101010101010101010101010101010101010101010101010101010101010101010101010101010101010101010101010101010101010101010101010101010101010101010010101010101010101010101010101000000
101010101010101010101010101010101010101010101001010101010101010101010101010101010101010101010101010101010101010101010101010101010101010101010101010101010101010101010101010101010101010101010101010101010101010101010101010101010101010101010101010101010101010101010100101010101010101010101010101010010000
010101010101010101010101010101010101010101010010101010101010101010101010101010101010101010101010101010101010101010101010101010101010101010101010101010101010101010101010101010101010101010101010101010101010101010101010101010101010101010101010101010101010101010101001010101010101010101010101010101000000
101010101010101010101010101010101010101010100101010101010101010101010101010101010101010101010101010101010101010101010101010101010101010101010101010101010101010101010101010101010101010101010101010101010101010101010101010101010101010101010101010101010101010101010010101010101010101010101010101010010000
010101010101010101010101010101010101010101001010101010101010101010101010101010101010101010101010101010101010101010101010101010101010101010101010101010101010101010101010101010101010101010101010101010101010101010101010101010101010101010101010101010101010101010100101010101010101010101010101010101000000
101010101010101010101010101010101010101010100101010101010101010101010101010101010101010101010101010101010101010101010101010101010101010101010101010101010101010101010101010101010101010101010101010101010101010101010101010101010101010101010101010101010101010101001010101010101010101010101010101010010000
010101010101010101010101010101010101010101001010101010101010101010101010101010101010101010101010101010101010101010101010101010101010101010101010101010101010101010101010101010101010101010101010101010101010101010101010101010101010101010101010101010101010101010010101010101010101010101010101010101000000
101010101010101010101010101010101010101010100101010101010101010101010101010101010101010101010101010101010101010101010101010101010101010101010101010101010101010101010101010101010101010101010101010101010101010101010101010101010101010101010101010101010101010100101010101010101010101010101010101010010000
010101010101010101010101010101010101010101001010101010101010101010101010101010101010101010101010101010101010101010101010101010101010101010101010101010101010101010101010101010101010101010101010101010101010101010101010101010101010101010101010101010101010101001010101010101010101010101010101010101000000
101010101010101010101010101010101010101010010101010101010101010101010101010101010101010101010101010101010101010101010101010101010101010101010101010101010101010101010101010101010101010101010101010101010101010101010101010101010101010101010101010101010101010010101010101010101010101010101010101010010000
010101010101010101010101010101010101010101001010101010101010101010101010101010101010101010101010101010101010101010101010101010101010101010101010101010101010101010101010101010101010101010101010101010101010101010101010101010101010101010101010101010101010100101010101010101010101010101010101010101000000
101010101010101010101010101010101010101010010101010101010101010101010101010101010101010101010101010101010101010101010101010101010101010101010101010101010101010101010101010101010101010101010101010101010101010101010101010101010101010101010101010101010101001010101010101010101010101010101010101010010000
010101010101010101010101010101010101010100101010101010101010101010101010101010101010101010101010101010101010101010101010101010101010101010101010101010101010101010101010101010101010101010101010101010101010101010101010101010101010101010101010101010101010010101010101010101010101010101010101010101000000
101010101010101010101010101010101010101001010101010101010101010101010101010101010101010101010101010101010101010101010101010101010101010101010101010101010101010101010101010101010101010101010101010101010101010101010101010101010101010101010101010101010100101010101010101010101010101010101010101010010000
010101010101010101010101010101010101010100101010101010101010101010101010101010101010101010101010101010101010101010101010101010101010101010101010101010101010101010101010101010101010101010101010101010101010101010101010101010101010101010101010101010101001010101010101010101010101010101010101010101000000
101010101010101010101010101010101010101001010101010101010101010101010101010101010101010101010101010101010101010101010101010101010101010101010101010101010101010101010101010101010101010101010101010101010101010101010101010101010101010101010101010101010010101010101010101010101010101010101010101010010000
010101010101010101010101010101010101010100101010101010101010101010101010101010101010101010101010101010101010101010101010101010101010101010101010101010101010101010101010101010101010101010101010101010101010101010101010101010101010101010101010101010100101010101010101010101010101010101010101010101000000
101010101010101010101010101010101010101001010101010101010101010101010101010101010101010101010101010101010101010101010101010101010101010101010101010101010101010101010101010101010101010101010101010101010101010101010101010101010101010101010101010101001010101010101010101010101010101010101010101010010000
010101010101010101010101010101010101010010101010101010101010101010101010101010101010101010101010101010101010101010101010101010101010101010101010101010101010101010101010101010101010101010101010101010101010101010101010101010101010101010101010101010010101010101010101010101010101010101010101010101000000
101010101010101010101010101010101010101001010101010101010101010101010101010101010101010101010101010101010101010101010101010101010101010101010101010101010101010101010101010101010101010101010101010101010101010101010101010101010101010101010101010100101010101010101010101010101010101010101010101010010000
010101010101010101010101010101010101010010101010101010101010101010101010101010101010101010101010101010101010101010101010101010101010101010101010101010101010101010101010101010101010101010101010101010101010101010101010101010101010101010101010101001010101010101010101010101010101010101010101010101000000
101010101010101010101010101010101010100101010101010101010101010101010101010101010101010101010101010101010101010101010101010101010101010101010101010101010101010101010101010101010101010101010101010101010101010101010101010101010101010101010101010010101010101010101010101010101010101010101010101010010000
010101010101010101010101010101010101001010101010101010101010101010101010101010101010101010101010101010101010101010101010101010101010101010101010101010101010101010101010101010101010101010101010101010101010101010101010101010101010101010101010100101010101010101010101010101010101010101010101010101000000
101010101010101010101010101010101010010101010101010101010101010101010101010101010101010101010101010101010101010101010101010101010101010101010101010101010101010101010101010101010101010101010101010101010101010101010101010101010101010101010101001010101010101010101010101010101010101010101010101010010000
010101010101010101010101010101010100101010101010101010101010101010101010101010101010101010101010101010101010101010101010101010101010101010101010101010101010101010101010101010101010101010101010101010101010101010101010101010101010101010101010010101010101010101010101010101010101010101010101010101000000
101010101010101010101010101010101010010101010101010101010101010101010101010101010101010101010101010101010101010101010101010101010101010101010101010101010101010101010101010101010101010101010101010101010101010101010101010101010101010101010100101010101010101010101010101010101010101010101010101010010000
010101010101010101010101010101010100101010101010101010101010101010101010101010101010101010101010101010101010101010101010101010101010101010101010101010101010101010101010101010101010101010101010101010101010101010101010101010101010101010101001010101010101010101010101010101010101010101010101010101000000
101010101010101010101010101010101010010101010101010101010101010101010101010101010101010101010101010101010101010101010101010101010101010101010101010101010101010101010101010101010101010101010101010101010101010101010101010101010101010101010010101010101010101010101010101010101010101010101010101010010000
010101010101010101010101010101010100101010101010101010101010101010101010101010101010101010101010101010101010101010101010101010101010101010101010101010101010101010101010101010101010101010101010101010101010101010101010101010101010101010100101010101010101010101010101010101010101010101010101010101000000
101010101010101010101010101010101001010101010101010101010101010101010101010101010101010101010101010101010101010101010101010101010101010101010101010101010101010101010101010101010101010101010101010101010101010101010101010101010101010101001010101010101010101010101010101010101010101010101010101010010000
010101010101010101010101010101010100101010101010101010101010101010101010101010101010101010101010101010101010101010101010101010101010101010101010101010101010101010101010101010101010101010101010101010101010101010101010101010101010101010010101010101010101010101010101010101010101010101010101010101000000
101010101010101010101010101010101001010101010101010101010101010101010101010101010101010101010101010101010101010101010101010101010101010101010101010101010101010101010101010101010101010101010101010101010101010101010101010101010101010100101010101010101010101010101010101010101010101010101010101010010000
010101010101010101010101010101010100101010101010101010101010101010101010101010101010101010101010101010101010101010101010101010101010101010101010101010101010101010101010101010101010101010101010101010101010101010101010101010101010101001010101010101010101010101010101010101010101010101010101010101000000
101010101010101010101010101010101001010101010101010101010101010101010101010101010101010101010101010101010101010101010101010101010101010101010101010101010101010101010101010101010101010101010101010101010101010101010101010101010101010010101010101010101010101010101010101010101010101010101010101010010000
010101010101010101010101010101010010101010101010101010101010101010101010101010101010101010101010101010101010101010101010101010101010101010101010101010101010101010101010101010101010101010101010101010101010101010101010101010101010100101010101010101010101010101010101010101010101010101010101010101000000
101010101010101010101010101010101001010101010101010101010101010101010101010101010101010101010101010101010101010101010101010101010101010101010101010101010101010101010101010101010101010101010101010101010101010101010101010101010101001010101010101010101010101010101010101010101010101010101010101010010000
010101010101010101010101010101010010101010101010101010101010101010101010101010101010101010101010101010101010101010101010101010101010101010101010101010101010101010101010101010101010101010101010101010101010101010101010101010101010010101010101010101010101010101010101010101010101010101010101010101000000
101010101010101010101010101010101001010101010101010101010101010101010101010101010101010101010101010101010101010101010101010101010101010101010101010101010101010101010101010101010101010101010101010101010101010101010101010101010100101010101010101010101010101010101010101010101010101010101010101010010000
010101010101010101010101010101010010101010101010101010101010101010101010101010101010101010101010101010101010101010101010101010101010101010101010101010101010101010101010101010101010101010101010101010101010101010101010101010101001010101010101010101010101010101010101010101010101010101010101010101000000
101010101010101010101010101010101001010101010101010101010101010101010101010101010101010101010101010101010101010101010101010101010101010101010101010101010101010101010101010101010101010101010101010101010101010101010101010101010010101010101010101010101010101010101010101010101010101010101010101010010000
010101010101010101010101010101010010101010101010101010101010101010101010101010101010101010101010101010101010101010101010101010101010101010101010101010101010101010101010101010101010101010101010101010101010101010101010101010101001010101010101010101010101010101010101010101010101010101010101010101000000
101010101010101010101010101010101001010101010101010101010101010101010101010101010101010101010101010101010101010101010101010101010101010101010101010101010101010101010101010101010101010101010101010101010101010101010101010101010010101010101010101010101010101010101010101010101010101010101010101010010000
010101010101010101010101010101010010101010101010101010101010101010101010101010101010101010101010101010101010101010101010101010101010101010101010101010101010101010101010101010101010101010101010101010101010101010101010101010100101010101010101010101010101010101010101010101010101010101010101010101000000
101010101010101010101010101010101001010101010101010101010101010101010101010101010101010101010101010101010101010101010101010101010101010101010101010101010101010101010101010101010101010101010101010101010101010101010101010101001010101010101010101010101010101010101010101010101010101010101010101010010000
010101010101010101010101010101010010101010101010101010101010101010101010101010101010101010101010101010101010101010101010101010101010101010101010101010101010101010101010101010101010101010101010101010101010101010101010101010010101010101010101010101010101010101010101010101010101010101010101010101000000
101010101010101010101010101010100101010101010101010101010101010101010101010101010101010101010101010101010101010101010101010101010101010101010101010101010101010101010101010101010101010101010101010101010101010101010101010100101010101010101010101010101010101010101010101010101010101010101010101010010000
010101010101010101010101010101010010101010101010101010101010101010101010101010101010101010101010101010101010101010101010101010101010101010101010101010101010101010101010101010101010101010101010101010101010101010101010101001010101010101010101010101010101010101010101010101010101010101010101010101000000
101010101010101010101010101010100101010101010101010101010101010101010101010101010101010101010101010101010101010101010101010101010101010101010101010101010101010101010101010101010101010101010101010101010101010101010101010010101010101010101010101010101010101010101010101010101010101010101010101010010000
010101010101010101010101010101001010101010101010101010101010101010101010101010101010101010101010101010101010101010101010101010101010101010101010101010101010101010101010101010101010101010101010101010101010101010101010100101010101010101010101010101010101010101010101010101010101010101010101010101000000
101010101010101010101010101010100101010101010101010101010101010101010101010101010101010101010101010101010101010101010101010101010101010101010101010101010101010101010101010101010101010101010101010101010101010101010101001010101010101010101010101010101010101010101010101010101010101010101010101010010000
010101010101010101010101010101001010101010101010101010101010101010101010101010101010101010101010101010101010101010101010101010101010101010101010101010101010101010101010101010101010101010101010101010101010101010101010010101010101010101010101010101010101010101010101010101010101010101010101010101000000
101010101010101010101010101010100101010101010101010101010101010101010101010101010101010101010101010101010101010101010101010101010101010101010101010101010101010101010101010101010101010101010101010101010101010101010100101010101010101010101010101010101010101010101010101010101010101010101010101010010000
010101010101010101010101010101001010101010101010101010101010101010101010101010101010101010101010101010101010101010101010101010101010101010101010101010101010101010101010101010101010101010101010101010101010101010101001010101010101010101010101010101010101010101010101010101010101010101010101010101000000
101010101010101010101010101010010101010101010101010101010101010101010101010101010101010101010101010101010101010101010101010101010101010101010101010101010101010101010101010101010101010101010101010101010101010101010010101010101010101010101010101010101010101010101010101010101010101010101010101010010000
010101010101010101010101010100101010101010101010101010101010101010101010101010101010101010101010101010101010101010101010101010101010101010101010101010101010101010101010101010101010101010101010101010101010101010100101010101010101010101010101010101010101010101010101010101010101010101010101010101000000
101010101010101010101010101010010101010101010101010101010101010101010101010101010101010101010101010101010101010101010101010101010101010101010101010101010101010101010101010101010101010101010101010101010101010101001010101010101010101010101010101010101010101010101010101010101010101010101010101010010000
010101010101010101010101010100101010101010101010101010101010101010101010101010101010101010101010101010101010101010101010101010101010101010101010101010101010101010101010101010101010101010101010101010101010101010010101010101010101010101010101010101010101010101010101010101010101010101010101010101000000
101010101010101010101010101010010101010101010101010101010101010101010101010101010101010101010101010101010101010101010101010101010101010101010101010101010101010101010101010101010101010101010101010101010101010100101010101010101010101010101010101010101010101010101010101010101010101010101010101010010000
010101010101010101010101010100101010101010101010101010101010101010101010101010101010101010101010101010101010101010101010101010101010101010101010101010101010101010101010101010101010101010101010101010101010101001010101010101010101010101010101010101010101010101010101010101010101010101010101010101000000
101010101010101010101010101010010101010101010101010101010101010101010101010101010101010101010101010101010101010101010101010101010101010101010101010101010101010101010101010101010101010101010101010101010101010010101010101010101010101010101010101010101010101010101010101010101010101010101010101010010000
010101010101010101010101010100101010101010101010101010101010101010101010101010101010101010101010101010101010101010101010101010101010101010101010101010101010101010101010101010101010101010101010101010101010100101010101010101010101010101010101010101010101010101010101010101010101010101010101010101000000
101010101010101010101010101010010101010101010101010101010101010101010101010101010101010101010101010101010101010101010101010101010101010101010101010101010101010101010101010101010101010101010101010101010101001010101010101010101010101010101010101010101010101010101010101010101010101010101010101010010000
010101010101010101010101010100101010101010101010101010101010101010101010101010101010101010101010101010101010101010101010101010101010101010101010101010101010101010101010101010101010101010101010101010101010010101010101010101010101010101010101010101010101010101010101010101010101010101010101010101000000
101010101010101010101010101010010101010101010101010101010101010101010101010101010101010101010101010101010101010101010101010101010101010101010101010101010101010101010101010101010101010101010101010101010100101010101010101010101010101010101010101010101010101010101010101010101010101010101010101010010000
010101010101010101010101010100101010101010101010101010101010101010101010101010101010101010101010101010101010101010101010101010101010101010101010101010101010101010101010101010101010101010101010101010101001010101010101010101010101010101010101010101010101010101010101010101010101010101010101010101000000
101010101010101010101010101001010101010101010101010101010101010101010101010101010101010101010101010101010101010101010101010101010101010101010101010101010101010101010101010101010101010101010101010101010100101010101010101010101010101010101010101010101010101010101010101010101010101010101010101010010000
010101010101010101010101010100101010101010101010101010101010101010101010101010101010101010101010101010101010101010101010101010101010101010101010101010101010101010101010101010101010101010101010101010101001010101010101010101010101010101010101010101010101010101010101010101010101010101010101010101000000
101010101010101010101010101001010101010101010101010101010101010101010101010101010101010101010101010101010101010101010101010101010101010101010101010101010101010101010101010101010101010101010101010101010010101010101010101010101010101010101010101010101010101010101010101010101010101010101010101010010000
010101010101010101010101010100101010101010101010101010101010101010101010101010101010101010101010101010101010101010101010101010101010101010101010101010101010101010101010101010101010101010101010101010100101010101010101010101010101010101010101010101010101010101010101010101010101010101010101010101000000
101010101010101010101010101001010101010101010101010101010101010101010101010101010101010101010101010101010101010101010101010101010101010101010101010101010101010101010101010101010101010101010101010101001010101010101010101010101010101010101010101010101010101010101010101010101010101010101010101010010000
010101010101010101010101010100101010101010101010101010101010101010101010101010101010101010101010101010101010101010101010101010101010101010101010101010101010101010101010101010101010101010101010101010010101010101010101010101010101010101010101010101010101010101010101010101010101010101010101010101000000
101010101010101010101010101001010101010101010101010101010101010101010101010101010101010101010101010101010101010101010101010101010101010101010101010101010101010101010101010101010101010101010101010100101010101010101010101010101010101010101010101010101010101010101010101010101010101010101010101010010000
010101010101010101010101010100101010101010101010101010101010101010101010101010101010101010101010101010101010101010101010101010101010101010101010101010101010101010101010101010101010101010101010101001010101010101010101010101010101010101010101010101010101010101010101010101010101010101010101010101000000
101010101010101010101010101001010101010101010101010101010101010101010101010101010101010101010101010101010101010101010101010101010101010101010101010101010101010101010101010101010101010101010101010010101010101010101010101010101010101010101010101010101010101010101010101010101010101010101010101010010000
010101010101010101010101010010101010101010101010101010101010101010101010101010101010101010101010101010101010101010101010101010101010101010101010101010101010101010101010101010101010101010101010100101010101010101010101010101010101010101010101010101010101010101010101010101010101010101010101010101000000
101010101010101010101010100101010101010101010101010101010101010101010101010101010101010101010101010101010101010101010101010101010101010101010101010101010101010101010101010101010101010101010101001010101010101010101010101010101010101010101010101010101010101010101010101010101010101010101010101010010000
010101010101010101010101001010101010101010101010101010101010101010101010101010101010101010101010101010101010101010101010101010101010101010101010101010101010101010101010101010101010101010101010010101010101010101010101010101010101010101010101010101010101010101010101010101010101010101010101010101000000
101010101010101010101010100101010101010101010101010101010101010101010101010101010101010101010101010101010101010101010101010101010101010101010101010101010101010101010101010101010101010101010100101010101010101010101010101010101010101010101010101010101010101010101010101010101010101010101010101010010000
010101010101010101010101001010101010101010101010101010101010101010101010101010101010101010101010101010101010101010101010101010101010101010101010101010101010101010101010101010101010101010101001010101010101010101010101010101010101010101010101010101010101010101010101010101010101010101010101010101000000
101010101010101010101010010101010101010101010101010101010101010101010101010101010101010101010101010101010101010101010101010101010101010101010101010101010101010101010101010101010101010101010010101010101010101010101010101010101010101010101010101010101010101010101010101010101010101010101010101010010000
010101010101010101010101001010101010101010101010101010101010101010101010101010101010101010101010101010101010101010101010101010101010101010101010101010101010101010101010101010101010101010100101010101010101010101010101010101010101010101010101010101010101010101010101010101010101010101010101010101000000
101010101010101010101010010101010101010101010101010101010101010101010101010101010101010101010101010101010101010101010101010101010101010101010101010101010101010101010101010101010101010101001010101010101010101010101010101010101010101010101010101010101010101010101010101010101010101010101010101010010000
010101010101010101010101001010101010101010101010101010101010101010101010101010101010101010101010101010101010101010101010101010101010101010101010101010101010101010101010101010101010101010010101010101010101010101010101010101010101010101010101010101010101010101010101010101010101010101010101010101000000
101010101010101010101010010101010101010101010101010101010101010101010101010101010101010101010101010101010101010101010101010101010101010101010101010101010101010101010101010101010101010100101010101010101010101010101010101010101010101010101010101010101010101010101010101010101010101010101010101010010000
010101010101010101010101001010101010101010101010101010101010101010101010101010101010101010101010101010101010101010101010101010101010101010101010101010101010101010101010101010101010101010010101010101010101010101010101010101010101010101010101010101010101010101010101010101010101010101010101010101000000
101010101010101010101010010101010101010101010101010101010101010101010101010101010101010101010101010101010101010101010101010101010101010101010101010101010101010101010101010101010101010100101010101010101010101010101010101010101010101010101010101010101010101010101010101010101010101010101010101010010000
010101010101010101010101001010101010101010101010101010101010101010101010101010101010101010101010101010101010101010101010101010101010101010101010101010101010101010101010101010101010101010010101010101010101010101010101010101010101010101010101010101010101010101010101010101010101010101010101010101000000
101010101010101010101010010101010101010101010101010101010101010101010101010101010101010101010101010101010101010101010101010101010101010101010101010101010101010101010101010101010101010100101010101010101010101010101010101010101010101010101010101010101010101010101010101010101010101010101010101010010000
010101010101010101010101001010101010101010101010101010101010101010101010101010101010101010101010101010101010101010101010101010101010101010101010101010101010101010101010101010101010101001010101010101010101010101010101010101010101010101010101010101010101010101010101010101010101010101010101010101000000
101010101010101010101010010101010101010101010101010101010101010101010101010101010101010101010101010101010101010101010101010101010101010101010101010101010101010101010101010101010101010100101010101010101010101010101010101010101010101010101010101010101010101010101010101010101010101010101010101010010000
010101010101010101010101001010101010101010101010101010101010101010101010101010101010101010101010101010101010101010101010101010101010101010101010101010101010101010101010101010101010101001010101010101010101010101010101010101010101010101010101010101010101010101010101010101010101010101010101010101000000
101010101010101010101010010101010101010101010101010101010101010101010101010101010101010101010101010101010101010101010101010101010101010101010101010101010101010101010101010101010101010010101010101010101010101010101010101010101010101010101010101010101010101010101010101010101010101010101010101010010000
010101010101010101010101001010101010101010101010101010101010101010101010101010101010101010101010101010101010101010101010101010101010101010101010101010101010101010101010101010101010100101010101010101010101010101010101010101010101010101010101010101010101010101010101010101010101010101010101010101000000
101010101010101010101010010101010101010101010101010101010101010101010101010101010101010101010101010101010101010101010101010101010101010101010101010101010101010101010101010101010101001010101010101010101010101010101010101010101010101010101010101010101010101010101010101010101010101010101010101010010000
010101010101010101010101001010101010101010101010101010101010101010101010101010101010101010101010101010101010101010101010101010101010101010101010101010101010101010101010101010101010010101010101010101010101010101010101010101010101010101010101010101010101010101010101010101010101010101010101010101000000
101010101010101010101010010101010101010101010101010101010101010101010101010101010101010101010101010101010101010101010101010101010101010101010101010101010101010101010101010101010100101010101010101010101010101010101010101010101010101010101010101010101010101010101010101010101010101010101010101010010000
010101010101010101010101001010101010101010101010101010101010101010101010101010101010101010101010101010101010101010101010101010101010101010101010101010101010101010101010101010101001010101010101010101010101010101010101010101010101010101010101010101010101010101010101010101010101010101010101010101000000
101010101010101010101010010101010101010101010101010101010101010101010101010101010101010101010101010101010101010101010101010101010101010101010101010101010101010101010101010101010010101010101010101010101010101010101010101010101010101010101010101010101010101010101010101010101010101010101010101010010000
010101010101010101010100101010101010101010101010101010101010101010101010101010101010101010101010101010101010101010101010101010101010101010101010101010101010101010101010101010100101010101010101010101010101010101010101010101010101010101010101010101010101010101010101010101010101010101010101010101000000
101010101010101010101001010101010101010101010101010101010101010101010101010101010101010101010101010101010101010101010101010101010101010101010101010101010101010101010101010101001010101010101010101010101010101010101010101010101010101010101010101010101010101010101010101010101010101010101010101010010000
010101010101010101010100101010101010101010101010101010101010101010101010101010101010101010101010101010101010101010101010101010101010101010101010101010101010101010101010101010010101010101010101010101010101010101010101010101010101010101010101010101010101010101010101010101010101010101010101010101000000
101010101010101010101001010101010101010101010101010101010101010101010101010101010101010101010101010101010101010101010101010101010101010101010101010101010101010101010101010100101010101010101010101010101010101010101010101010101010101010101010101010101010101010101010101010101010101010101010101010010000
010101010101010101010100101010101010101010101010101010101010101010101010101010101010101010101010101010101010101010101010101010101010101010101010101010101010101010101010101001010101010101010101010101010101010101010101010101010101010101010101010101010101010101010101010101010101010101010101010101000000
101010101010101010101001010101010101010101010101010101010101010101010101010101010101010101010101010101010101010101010101010101010101010101010101010101010101010101010101010010101010101010101010101010101010101010101010101010101010101010101010101010101010101010101010101010101010101010101010101010010000
010101010101010101010100101010101010101010101010101010101010101010101010101010101010101010101010101010101010101010101010101010101010101010101010101010101010101010101010100101010101010101010101010101010101010101010101010101010101010101010101010101010101010101010101010101010101010101010101010101000000
101010101010101010101001010101010101010101010101010101010101010101010101010101010101010101010101010101010101010101010101010101010101010101010101010101010101010101010101001010101010101010101010101010101010101010101010101010101010101010101010101010101010101010101010101010101010101010101010101010010000
010101010101010101010010101010101010101010101010101010101010101010101010101010101010101010101010101010101010101010101010101010101010101010101010101010101010101010101010010101010101010101010101010101010101010101010101010101010101010101010101010101010101010101010101010101010101010101010101010101000000
101010101010101010101001010101010101010101010101010101010101010101010101010101010101010101010101010101010101010101010101010101010101010101010101010101010101010101010100101010101010101010101010101010101010101010101010101010101010101010101010101010101010101010101010101010101010101010101010101010010000
010101010101010101010010101010101010101010101010101010101010101010101010101010101010101010101010101010101010101010101010101010101010101010101010101010101010101010101001010101010101010101010101010101010101010101010101010101010101010101010101010101010101010101010101010101010101010101010101010101000000
101010101010101010100101010101010101010101010101010101010101010101010101010101010101010101010101010101010101010101010101010101010101010101010101010101010101010101010010101010101010101010101010101010101010101010101010101010101010101010101010101010101010101010101010101010101010101010101010101010010000
010101010101010101010010101010101010101010101010101010101010101010101010101010101010101010101010101010101010101010101010101010101010101010101010101010101010101010100101010101010101010101010101010101010101010101010101010101010101010101010101010101010101010101010101010101010101010101010101010101000000
101010101010101010100101010101010101010101010101010101010101010101010101010101010101010101010101010101010101010101010101010101010101010101010101010101010101010101001010101010101010101010101010101010101010101010101010101010101010101010101010101010101010101010101010101010101010101010101010101010010000
010101010101010101001010101010101010101010101010101010101010101010101010101010101010101010101010101010101010101010101010101010101010101010101010101010101010101010010101010101010101010101010101010101010101010101010101010101010101010101010101010101010101010101010101010101010101010101010101010101000000
101010101010101010100101010101010101010101010101010101010101010101010101010101010101010101010101010101010101010101010101010101010101010101010101010101010101010100101010101010101010101010101010101010101010101010101010101010101010101010101010101010101010101010101010101010101010101010101010101010010000
010101010101010101001010101010101010101010101010101010101010101010101010101010101010101010101010101010101010101010101010101010101010101010101010101010101010101001010101010101010101010101010101010101010101010101010101010101010101010101010101010101010101010101010101010101010101010101010101010101000000
101010101010101010100101010101010101010101010101010101010101010101010101010101010101010101010101010101010101010101010101010101010101010101010101010101010101010010101010101010101010101010101010101010101010101010101010101010101010101010101010101010101010101010101010101010101010101010101010101010010000
010101010101010101001010101010101010101010101010101010101010101010101010101010101010101010101010101010101010101010101010101010101010101010101010101010101010100101010101010101010101010101010101010101010101010101010101010101010101010101010101010101010101010101010101010101010101010101010101010101000000
101010101010101010100101010101010101010101010101010101010101010101010101010101010101010101010101010101010101010101010101010101010101010101010101010101010101001010101010101010101010101010101010101010101010101010101010101010101010101010101010101010101010101010101010101010101010101010101010101010010000
010101010101010101001010101010101010101010101010101010101010101010101010101010101010101010101010101010101010101010101010101010101010101010101010101010101010010101010101010101010101010101010101010101010101010101010101010101010101010101010101010101010101010101010101010101010101010101010101010101000000
101010101010101010100101010101010101010101010101010101010101010101010101010101010101010101010101010101010101010101010101010101010101010101010101010101010100101010101010101010101010101010101010101010101010101010101010101010101010101010101010101010101010101010101010101010101010101010101010101010010000
010101010101010101001010101010101010101010101010101010101010101010101010101010101010101010101010101010101010101010101010101010101010101010101010101010101001010101010101010101010101010101010101010101010101010101010101010101010101010101010101010101010101010101010101010101010101010101010101010101000000
101010101010101010100101010101010101010101010101010101010101010101010101010101010101010101010101010101010101010101010101010101010101010101010101010101010010101010101010101010101010101010101010101010101010101010101010101010101010101010101010101010101010101010101010101010101010101010101010101010010000
010101010101010101001010101010101010101010101010101010101010101010101010101010101010101010101010101010101010101010101010101010101010101010101010101010100101010101010101010101010101010101010101010101010101010101010101010101010101010101010101010101010101010101010101010101010101010101010101010101000000
101010101010101010100101010101010101010101010101010101010101010101010101010101010101010101010101010101010101010101010101010101010101010101010101010101001010101010101010101010101010101010101010101010101010101010101010101010101010101010101010101010101010101010101010101010101010101010101010101010010000
010101010101010101001010101010101010101010101010101010101010101010101010101010101010101010101010101010101010101010101010101010101010101010101010101010010101010101010101010101010101010101010101010101010101010101010101010101010101010101010101010101010101010101010101010101010101010101010101010101000000
101010101010101010100101010101010101010101010101010101010101010101010101010101010101010101010101010101010101010101010101010101010101010101010101010100101010101010101010101010101010101010101010101010101010101010101010101010101010101010101010101010101010101010101010101010101010101010101010101010010000
010101010101010101001010101010101010101010101010101010101010101010101010101010101010101010101010101010101010101010101010101010101010101010101010101001010101010101010101010101010101010101010101010101010101010101010101010101010101010101010101010101010101010101010101010101010101010101010101010101000000
101010101010101010100101010101010101010101010101010101010101010101010101010101010101010101010101010101010101010101010101010101010101010101010101010010101010101010101010101010101010101010101010101010101010101010101010101010101010101010101010101010101010101010101010101010101010101010101010101010010000
010101010101010101001010101010101010101010101010101010101010101010101010101010101010101010101010101010101010101010101010101010101010101010101010100101010101010101010101010101010101010101010101010101010101010101010101010101010101010101010101010101010101010101010101010101010101010101010101010101000000
101010101010101010100101010101010101010101010101010101010101010101010101010101010101010101010101010101010101010101010101010101010101010101010101001010101010101010101010101010101010101010101010101010101010101010101010101010101010101010101010101010101010101010101010101010101010101010101010101010010000
010101010101010101001010101010101010101010101010101010101010101010101010101010101010101010101010101010101010101010101010101010101010101010101010010101010101010101010101010101010101010101010101010101010101010101010101010101010101010101010101010101010101010101010101010101010101010101010101010101000000
101010101010101010100101010101010101010101010101010101010101010101010101010101010101010101010101010101010101010101010101010101010101010101010100101010101010101010101010101010101010101010101010101010101010101010101010101010101010101010101010101010101010101010101010101010101010101010101010101010010000
010101010101010101001010101010101010101010101010101010101010101010101010101010101010101010101010101010101010101010101010101010101010101010101001010101010101010101010101010101010101010101010101010101010101010101010101010101010101010101010101010101010101010101010101010101010101010101010101010101000000
101010101010101010100101010101010101010101010101010101010101010101010101010101010101010101010101010101010101010101010101010101010101010101010010101010101010101010101010101010101010101010101010101010101010101010101010101010101010101010101010101010101010101010101010101010101010101010101010101010010000
010101010101010101001010101010101010101010101010101010101010101010101010101010101010101010101010101010101010101010101010101010101010101010100101010101010101010101010101010101010101010101010101010101010101010101010101010101010101010101010101010101010101010101010101010101010101010101010101010101000000
101010101010101010010101010101010101010101010101010101010101010101010101010101010101010101010101010101010101010101010101010101010101010101001010101010101010101010101010101010101010101010101010101010101010101010101010101010101010101010101010101010101010101010101010101010101010101010101010101010010000
010101010101010100101010101010101010101010101010101010101010101010101010101010101010101010101010101010101010101010101010101010101010101010010101010101010101010101010101010101010101010101010101010101010101010101010101010101010101010101010101010101010101010101010101010101010101010101010101010101000000
101010101010101001010101010101010101010101010101010101010101010101010101010101010101010101010101010101010101010101010101010101010101010100101010101010101010101010101010101010101010101010101010101010101010101010101010101010101010101010101010101010101010101010101010101010101010101010101010101010010000
010101010101010100101010101010101010101010101010101010101010101010101010101010101010101010101010101010101010101010101010101010101010101001010101010101010101010101010101010101010101010101010101010101010101010101010101010101010101010101010101010101010101010101010101010101010101010101010101010101000000
101010101010101001010101010101010101010101010101010101010101010101010101010101010101010101010101010101010101010101010101010101010101010010101010101010101010101010101010101010101010101010101010101010101010101010101010101010101010101010101010101010101010101010101010101010101010101010101010101010010000
010101010101010100101010101010101010101010101010101010101010101010101010101010101010101010101010101010101010101010101010101010101010100101010101010101010101010101010101010101010101010101010101010101010101010101010101010101010101010101010101010101010101010101010101010101010101010101010101010101000000
101010101010101001010101010101010101010101010101010101010101010101010101010101010101010101010101010101010101010101010101010101010101001010101010101010101010101010101010101010101010101010101010101010101010101010101010101010101010101010101010101010101010101010101010101010101010101010101010101010010000
010101010101010010101010101010101010101010101010101010101010101010101010101010101010101010101010101010101010101010101010101010101010010101010101010101010101010101010101010101010101010101010101010101010101010101010101010101010101010101010101010101010101010101010101010101010101010101010101010101000000
101010101010100101010101010101010101010101010101010101010101010101010101010101010101010101010101010101010101010101010101010101010100101010101010101010101010101010101010101010101010101010101010101010101010101010101010101010101010101010101010101010101010101010101010101010101010101010101010101010010000
010101010101010010101010101010101010101010101010101010101010101010101010101010101010101010101010101010101010101010101010101010101001010101010101010101010101010101010101010101010101010101010101010101010101010101010101010101010101010101010101010101010101010101010101010101010101010101010101010101000000
101010101010100101010101010101010101010101010101010101010101010101010101010101010101010101010101010101010101010101010101010101010010101010101010101010101010101010101010101010101010101010101010101010101010101010101010101010101010101010101010101010101010101010101010101010101010101010101010101010010000
010101010101001010101010101010101010101010101010101010101010101010101010101010101010101010101010101010101010101010101010101010100101010101010101010101010101010101010101010101010101010101010101010101010101010101010101010101010101010101010101010101010101010101010101010101010101010101010101010101000000
101010101010100101010101010101010101010101010101010101010101010101010101010101010101010101010101010101010101010101010101010101001010101010101010101010101010101010101010101010101010101010101010101010101010101010101010101010101010101010101010101010101010101010101010101010101010101010101010101010010000
010101010101001010101010101010101010101010101010101010101010101010101010101010101010101010101010101010101010101010101010101010010101010101010101010101010101010101010101010101010101010101010101010101010101010101010101010101010101010101010101010101010101010101010101010101010101010101010101010101000000
101010101010100101010101010101010101010101010101010101010101010101010101010101010101010101010101010101010101010101010101010100101010101010101010101010101010101010101010101010101010101010101010101010101010101010101010101010101010101010101010101010101010101010101010101010101010101010101010101010010000
010101010101001010101010101010101010101010101010101010101010101010101010101010101010101010101010101010101010101010101010101001010101010101010101010101010101010101010101010101010101010101010101010101010101010101010101010101010101010101010101010101010101010101010101010101010101010101010101010101000000
101010101010100101010101010101010101010101010101010101010101010101010101010101010101010101010101010101010101010101010101010010101010101010101010101010101010101010101010101010101010101010101010101010101010101010101010101010101010101010101010101010101010101010101010101010101010101010101010101010010000
010101010101001010101010101010101010101010101010101010101010101010101010101010101010101010101010101010101010101010101010100101010101010101010101010101010101010101010101010101010101010101010101010101010101010101010101010101010101010101010101010101010101010101010101010101010101010101010101010101000000
101010101010100101010101010101010101010101010101010101010101010101010101010101010101010101010101010101010101010101010101001010101010101010101010101010101010101010101010101010101010101010101010101010101010101010101010101010101010101010101010101010101010101010101010101010101010101010101010101010010000
010101010101001010101010101010101010101010101010101010101010101010101010101010101010101010101010101010101010101010101010100101010101010101010101010101010101010101010101010101010101010101010101010101010101010101010101010101010101010101010101010101010101010101010101010101010101010101010101010101000000
101010101010100101010101010101010101010101010101010101010101010101010101010101010101010101010101010101010101010101010101001010101010101010101010101010101010101010101010101010101010101010101010101010101010101010101010101010101010101010101010101010101010101010101010101010101010101010101010101010010000
010101010101001010101010101010101010101010101010101010101010101010101010101010101010101010101010101010101010101010101010010101010101010101010101010101010101010101010101010101010101010101010101010101010101010101010101010101010101010101010101010101010101010101010101010101010101010101010101010101000000
101010101010100101010101010101010101010101010101010101010101010101010101010101010101010101010101010101010101010101010100101010101010101010101010101010101010101010101010101010101010101010101010101010101010101010101010101010101010101010101010101010101010101010101010101010101010101010101010101010010000
010101010101001010101010101010101010101010101010101010101010101010101010101010101010101010101010101010101010101010101001010101010101010101010101010101010101010101010101010101010101010101010101010101010101010101010101010101010101010101010101010101010101010101010101010101010101010101010101010101000000
101010101010100101010101010101010101010101010101010101010101010101010101010101010101010101010101010101010101010101010010101010101010101010101010101010101010101010101010101010101010101010101010101010101010101010101010101010101010101010101010101010101010101010101010101010101010101010101010101010010000
010101010101001010101010101010101010101010101010101010101010101010101010101010101010101010101010101010101010101010100101010101010101010101010101010101010101010101010101010101010101010101010101010101010101010101010101010101010101010101010101010101010101010101010101010101010101010101010101010101000000
101010101010100101010101010101010101010101010101010101010101010101010101010101010101010101010101010101010101010101001010101010101010101010101010101010101010101010101010101010101010101010101010101010101010101010101010101010101010101010101010101010101010101010101010101010101010101010101010101010010000
010101010101001010101010101010101010101010101010101010101010101010101010101010101010101010101010101010101010101010010101010101010101010101010101010101010101010101010101010101010101010101010101010101010101010101010101010101010101010101010101010101010101010101010101010101010101010101010101010101000000
101010101010100101010101010101010101010101010101010101010101010101010101010101010101010101010101010101010101010100101010101010101010101010101010101010101010101010101010101010101010101010101010101010101010101010101010101010101010101010101010101010101010101010101010101010101010101010101010101010010000
010101010101001010101010101010101010101010101010101010101010101010101010101010101010101010101010101010101010101001010101010101010101010101010101010101010101010101010101010101010101010101010101010101010101010101010101010101010101010101010101010101010101010101010101010101010101010101010101010101000000
101010101010100101010101010101010101010101010101010101010101010101010101010101010101010101010101010101010101010010101010101010101010101010101010101010101010101010101010101010101010101010101010101010101010101010101010101010101010101010101010101010101010101010101010101010101010101010101010101010010000
010101010101001010101010101010101010101010101010101010101010101010101010101010101010101010101010101010101010101001010101010101010101010101010101010101010101010101010101010101010101010101010101010101010101010101010101010101010101010101010101010101010101010101010101010101010101010101010101010101000000
101010101010100101010101010101010101010101010101010101010101010101010101010101010101010101010101010101010101010010101010101010101010101010101010101010101010101010101010101010101010101010101010101010101010101010101010101010101010101010101010101010101010101010101010101010101010101010101010101010010000
010101010101001010101010101010101010101010101010101010101010101010101010101010101010101010101010101010101010100101010101010101010101010101010101010101010101010101010101010101010101010101010101010101010101010101010101010101010101010101010101010101010101010101010101010101010101010101010101010101000000
101010101010100101010101010101010101010101010101010101010101010101010101010101010101010101010101010101010101001010101010101010101010101010101010101010101010101010101010101010101010101010101010101010101010101010101010101010101010101010101010101010101010101010101010101010101010101010101010101010010000
010101010101001010101010101010101010101010101010101010101010101010101010101010101010101010101010101010101010010101010101010101010101010101010101010101010101010101010101010101010101010101010101010101010101010101010101010101010101010101010101010101010101010101010101010101010101010101010101010101000000
101010101010100101010101010101010101010101010101010101010101010101010101010101010101010101010101010101010100101010101010101010101010101010101010101010101010101010101010101010101010101010101010101010101010101010101010101010101010101010101010101010101010101010101010101010101010101010101010101010010000
010101010101001010101010101010101010101010101010101010101010101010101010101010101010101010101010101010101001010101010101010101010101010101010101010101010101010101010101010101010101010101010101010101010101010101010101010101010101010101010101010101010101010101010101010101010101010101010101010101000000
101010101010010101010101010101010101010101010101010101010101010101010101010101010101010101010101010101010100101010101010101010101010101010101010101010101010101010101010101010101010101010101010101010101010101010101010101010101010101010101010101010101010101010101010101010101010101010101010101010010000
010101010101001010101010101010101010101010101010101010101010101010101010101010101010101010101010101010101001010101010101010101010101010101010101010101010101010101010101010101010101010101010101010101010101010101010101010101010101010101010101010101010101010101010101010101010101010101010101010101000000
101010101010010101010101010101010101010101010101010101010101010101010101010101010101010101010101010101010100101010101010101010101010101010101010101010101010101010101010101010101010101010101010101010101010101010101010101010101010101010101010101010101010101010101010101010101010101010101010101010010000
010101010101001010101010101010101010101010101010101010101010101010101010101010101010101010101010101010101001010101010101010101010101010101010101010101010101010101010101010101010101010101010101010101010101010101010101010101010101010101010101010101010101010101010101010101010101010101010101010101000000
101010101010010101010101010101010101010101010101010101010101010101010101010101010101010101010101010101010010101010101010101010101010101010101010101010101010101010101010101010101010101010101010101010101010101010101010101010101010101010101010101010101010101010101010101010101010101010101010101010010000
010101010100101010101010101010101010101010101010101010101010101010101010101010101010101010101010101010100101010101010101010101010101010101010101010101010101010101010101010101010101010101010101010101010101010101010101010101010101010101010101010101010101010101010101010101010101010101010101010101000000
101010101010010101010101010101010101010101010101010101010101010101010101010101010101010101010101010101001010101010101010101010101010101010101010101010101010101010101010101010101010101010101010101010101010101010101010101010101010101010101010101010101010101010101010101010101010101010101010101010010000
010101010100101010101010101010101010101010101010101010101010101010101010101010101010101010101010101010010101010101010101010101010101010101010101010101010101010101010101010101010101010101010101010101010101010101010101010101010101010101010101010101010101010101010101010101010101010101010101010100100000
101010101010010101010101010101010101010101010101010101010101010101010101010101010101010101010101010100101010101010101010101010101010101010101010101010101010101010101010101010101010101010101010101010101010101010101010101010101010101010101010101010101010101010101010101010101010101010101010101010010000
010101010100101010101010101010101010101010101010101010101010101010101010101010101010101010101010101001010101010101010101010101010101010101010101010101010101010101010101010101010101010101010101010101010101010101010101010101010101010101010101010101010101010101010101010101010101010101010101010100100000
101010101010010101010101010101010101010101010101010101010101010101010101010101010101010101010101010010101010101010101010101010101010101010101010101010101010101010101010101010101010101010101010101010101010101010101010101010101010101010101010101010101010101010101010101010101010101010101010101010010000
010101010100101010101010101010101010101010101010101010101010101010101010101010101010101010101010100101010101010101010101010101010101010101010101010101010101010101010101010101010101010101010101010101010101010101010101010101010101010101010101010101010101010101010101010101010101010101010101010100100000
101010101001010101010101010101010101010101010101010101010101010101010101010101010101010101010101001010101010101010101010101010101010101010101010101010101010101010101010101010101010101010101010101010101010101010101010101010101010101010101010101010101010101010101010101010101010101010101010101010010000
010101010010101010101010101010101010101010101010101010101010101010101010101010101010101010101010010101010101010101010101010101010101010101010101010101010101010101010101010101010101010101010101010101010101010101010101010101010101010101010101010101010101010101010101010101010101010101010101010100100000
101010101001010101010101010101010101010101010101010101010101010101010101010101010101010101010100101010101010101010101010101010101010101010101010101010101010101010101010101010101010101010101010101010101010101010101010101010101010101010101010101010101010101010101010101010101010101010101010101010010000
010101010010101010101010101010101010101010101010101010101010101010101010101010101010101010101001010101010101010101010101010101010101010101010101010101010101010101010101010101010101010101010101010101010101010101010101010101010101010101010101010101010101010101010101010101010101010101010101010100100000
101010100101010101010101010101010101010101010101010101010101010101010101010101010101010101010010101010101010101010101010101010101010101010101010101010101010101010101010101010101010101010101010101010101010101010101010101010101010101010101010101010101010101010101010101010101010101010101010101010010000
010101010010101010101010101010101010101010101010101010101010101010101010101010101010101010100101010101010101010101010101010101010101010101010101010101010101010101010101010101010101010101010101010101010101010101010101010101010101010101010101010101010101010101010101010101010101010101010101010100100000
101010100101010101010101010101010101010101010101010101010101010101010101010101010101010101001010101010101010101010101010101010101010101010101010101010101010101010101010101010101010101010101010101010101010101010101010101010101010101010101010101010101010101010101010101010101010101010101010101010010000
010101010010101010101010101010101010101010101010101010101010101010101010101010101010101010010101010101010101010101010101010101010101010101010101010101010101010101010101010101010101010101010101010101010101010101010101010101010101010101010101010101010101010101010101010101010101010101010101010100100000
101010100101010101010101010101010101010101010101010101010101010101010101010101010101010100101010101010101010101010101010101010101010101010101010101010101010101010101010101010101010101010101010101010101010101010101010101010101010101010101010101010101010101010101010101010101010101010101010101010010000
010101010010101010101010101010101010101010101010101010101010101010101010101010101010101001010101010101010101010101010101010101010101010101010101010101010101010101010101010101010101010101010101010101010101010101010101010101010101010101010101010101010101010101010101010101010101010101010101010100100000
101010100101010101010101010101010101010101010101010101010101010101010101010101010101010010101010101010101010101010101010101010101010101010101010101010101010101010101010101010101010101010101010101010101010101010101010101010101010101010101010101010101010101010101010101010101010101010101010101010010000
010101010010101010101010101010101010101010101010101010101010101010101010101010101010100101010101010101010101010101010101010101010101010101010101010101010101010101010101010101010101010101010101010101010101010101010101010101010101010101010101010101010101010101010101010101010101010101010101010100100000
101010100101010101010101010101010101010101010101010101010101010101010101010101010101001010101010101010101010101010101010101010101010101010101010101010101010101010101010101010101010101010101010101010101010101010101010101010101010101010101010101010101010101010101010101010101010101010101010101010010000
010101010010101010101010101010101010101010101010101010101010101010101010101010101010010101010101010101010101010101010101010101010101010101010101010101010101010101010101010101010101010101010101010101010101010101010101010101010101010101010101010101010101010101010101010101010101010101010101010100100000
101010100101010101010101010101010101010101010101010101010101010101010101010101010100101010101010101010101010101010101010101010101010101010101010101010101010101010101010101010101010101010101010101010101010101010101010101010101010101010101010101010101010101010101010101010101010101010101010101010010000
010101010010101010101010101010101010101010101010101010101010101010101010101010101001010101010101010101010101010101010101010101010101010101010101010101010101010101010101010101010101010101010101010101010101010101010101010101010101010101010101010101010101010101010101010101010101010101010101010100100000
101010100101010101010101010101010101010101010101010101010101010101010101010101010010101010101010101010101010101010101010101010101010101010101010101010101010101010101010101010101010101010101010101010101010101010101010101010101010101010101010101010101010101010101010101010101010101010101010101010010000
010101010010101010101010101010101010101010101010101010101010101010101010101010100101010101010101010101010101010101010101010101010101010101010101010101010101010101010101010101010101010101010101010101010101010101010101010101010101010101010101010101010101010101010101010101010101010101010101010100100000
101010100101010101010101010101010101010101010101010101010101010101010101010101001010101010101010101010101010101010101010101010101010101010101010101010101010101010101010101010101010101010101010101010101010101010101010101010101010101010101010101010101010101010101010101010101010101010101010101010010000
010101010010101010101010101010101010101010101010101010101010101010101010101010010101010101010101010101010101010101010101010101010101010101010101010101010101010101010101010101010101010101010101010101010101010101010101010101010101010101010101010101010101010101010101010101010101010101010101010100100000
101010100101010101010101010101010101010101010101010101010101010101010101010101001010101010101010101010101010101010101010101010101010101010101010101010101010101010101010101010101010101010101010101010101010101010101010101010101010101010101010101010101010101010101010101010101010101010101010101010010000
010101010010101010101010101010101010101010101010101010101010101010101010101010010101010101010101010101010101010101010101010101010101010101010101010101010101010101010101010101010101010101010101010101010101010101010101010101010101010101010101010101010101010101010101010101010101010101010101010100100000
101010100101010101010101010101010101010101010101010101010101010101010101010100101010101010101010101010101010101010101010101010101010101010101010101010101010101010101010101010101010101010101010101010101010101010101010101010101010101010101010101010101010101010101010101010101010101010101010101010010000
010101010010101010101010101010101010101010101010101010101010101010101010101001010101010101010101010101010101010101010101010101010101010101010101010101010101010101010101010101010101010101010101010101010101010101010101010101010101010101010101010101010101010101010101010101010101010101010101010100100000
101010100101010101010101010101010101010101010101010101010101010101010101010010101010101010101010101010101010101010101010101010101010101010101010101010101010101010101010101010101010101010101010101010101010101010101010101010101010101010101010101010101010101010101010101010101010101010101010101010010000
010101010010101010101010101010101010101010101010101010101010101010101010100101010101010101010101010101010101010101010101010101010101010101010101010101010101010101010101010101010101010101010101010101010101010101010101010101010101010101010101010101010101010101010101010101010101010101010101010100100000
101010100101010101010101010101010101010101010101010101010101010101010101001010101010101010101010101010101010101010101010101010101010101010101010101010101010101010101010101010101010101010101010101010101010101010101010101010101010101010101010101010101010101010101010101010101010101010101010101010010000
010101010010101010101010101010101010101010101010101010101010101010101010010101010101010101010101010101010101010101010101010101010101010101010101010101010101010101010101010101010101010101010101010101010101010101010101010101010101010101010101010101010101010101010101010101010101010101010101010100100000
101010100101010101010101010101010101010101010101010101010101010101010100101010101010101010101010101010101010101010101010101010101010101010101010101010101010101010101010101010101010101010101010101010101010101010101010101010101010101010101010101010101010101010101010101010101010101010101010101010010000
010101001010101010101010101010101010101010101010101010101010101010101001010101010101010101010101010101010101010101010101010101010101010101010101010101010101010101010101010101010101010101010101010101010101010101010101010101010101010101010101010101010101010101010101010101010101010101010101010100100000
101010010101010101010101010101010101010101010101010101010101010101010010101010101010101010101010101010101010101010101010101010101010101010101010101010101010101010101010101010101010101010101010101010101010101010101010101010101010101010101010101010101010101010101010101010101010101010101010101010010000
010100101010101010101010101010101010101010101010101010101010101010100101010101010101010101010101010101010101010101010101010101010101010101010101010101010101010101010101010101010101010101010101010101010101010101010101010101010101010101010101010101010101010101010101010101010101010101010101010100100000
101010010101010101010101010101010101010101010101010101010101010101001010101010101010101010101010101010101010101010101010101010101010101010101010101010101010101010101010101010101010101010101010101010101010101010101010101010101010101010101010101010101010101010101010101010101010101010101010101010010000
010100101010101010101010101010101010101010101010101010101010101010010101010101010101010101010101010101010101010101010101010101010101010101010101010101010101010101010101010101010101010101010101010101010101010101010101010101010101010101010101010101010101010101010101010101010101010101010101010100100000
101001010101010101010101010101010101010101010101010101010101010100101010101010101010101010101010101010101010101010101010101010101010101010101010101010101010101010101010101010101010101010101010101010101010101010101010101010101010101010101010101010101010101010101010101010101010101010101010101010010000
010100101010101010101010101010101010101010101010101010101010101001010101010101010101010101010101010101010101010101010101010101010101010101010101010101010101010101010101010101010101010101010101010101010101010101010101010101010101010101010101010101010101010101010101010101010101010101010101010100100000
101001010101010101010101010101010101010101010101010101010101010010101010101010101010101010101010101010101010101010101010101010101010101010101010101010101010101010101010101010101010101010101010101010101010101010101010101010101010101010101010101010101010101010101010101010101010101010101010101010010000
010010101010101010101010101010101010101010101010101010101010100101010101010101010101010101010101010101010101010101010101010101010101010101010101010101010101010101010101010101010101010101010101010101010101010101010101010101010101010101010101010101010101010101010101010101010101010101010101010100100000
100101010101010101010101010101010101010101010101010101010101001010101010101010101010101010101010101010101010101010101010101010101010101010101010101010101010101010101010101010101010101010101010101010101010101010101010101010101010101010101010101010101010101010101010101010101010101010101010101010010000
010010101010101010101010101010101010101010101010101010101010010101010101010101010101010101010101010101010101010101010101010101010101010101010101010101010101010101010101010101010101010101010101010101010101010101010101010101010101010101010101010101010101010101010101010101010101010101010101010100100000
100101010101010101010101010101010101010101010101010101010100101010101010101010101010101010101010101010101010101010101010101010101010101010101010101010101010101010101010101010101010101010101010101010101010101010101010101010101010101010101010101010101010101010101010101010101010101010101010101010010000
010010101010101010101010101010101010101010101010101010101001010101010101010101010101010101010101010101010101010101010101010101010101010101010101010101010101010101010101010101010101010101010101010101010101010101010101010101010101010101010101010101010101010101010101010101010101010101010101010100100000
100101010101010101010101010101010101010101010101010101010010101010101010101010101010101010101010101010101010101010101010101010101010101010101010101010101010101010101010101010101010101010101010101010101010101010101010101010101010101010101010101010101010101010101010101010101010101010101010101010010000
