Yes
1010101010101010101010101010101010101010101001010101010101010101010100101010101010100101010100100000
0101010101010101010101010101010101010101010010101010101010101010101001010101010101010010101010000000
1010101010101010101010101010101010101010101001010101010101010101010010101010101010100101010100100000
0101010101010101010101010101010101010101010010101010101010101010101001010101010101010010101010000000
1010101010101010101010101010101010101010101001010101010101010101010010101010101010100101010100100000
0101010101010101010101010101010101010101010010101010101010101010100101010101010101010010101010000000
1010101010101010101010101010101010101010100101010101010101010101010010101010101010100101010100100000
0101010101010101010101010101010101010101010010101010101010101010100101010101010101010010101010000000
1010101010101010101010101010101010101010100101010101010101010101010010101010101010100101010100100000
0101010101010101010101010101010101010101010010101010101010101010100101010101010101010010101010000000
1010101010101010101010101010101010101010100101010101010101010101010010101010101010100101010100100000
0101010101010101010101010101010101010101001010101010101010101010100101010101010101010010101010000000
1010101010101010101010101010101010101010010101010101010101010101010010101010101010100101010100100000
0101010101010101010101010101010101010101001010101010101010101010100101010101010101010010101010000000
1010101010101010101010101010101010101010010101010101010101010101010010101010101010100101010100100000
0101010101010101010101010101010101010101001010101010101010101010100101010101010101010010101010000000
1010101010101010101010101010101010101010010101010101010101010101010010101010101010100101010100100000
0101010101010101010101010101010101010101001010101010101010101010100101010101010101010010101010000000
1010101010101010101010101010101010101010010101010101010101010101010010101010101010100101010100100000
0101010101010101010101010101010101010100101010101010101010101010100101010101010101010010101010000000
1010101010101010101010101010101010101010010101010101010101010101010010101010101010100101010100100000
0101010101010101010101010101010101010100101010101010101010101010100101010101010101010010101010000000
1010101010101010101010101010101010101010010101010101010101010101010010101010101010100101010100100000
0101010101010101010101010101010101010100101010101010101010101010100101010101010101010010101010000000
1010101010101010101010101010101010101010010101010101010101010101010010101010101010100101010100100000
0101010101010101010101010101010101010100101010101010101010101010100101010101010101010010101010000000
1010101010101010101010101010101010101010010101010101010101010101010010101010101010100101010100100000
0101010101010101010101010101010101010100101010101010101010101010100101010101010101010010101010000000
1010101010101010101010101010101010101010010101010101010101010101010010101010101010100101010100100000
0101010101010101010101010101010101010100101010101010101010101010100101010101010101010010101010000000
1010101010101010101010101010101010101010010101010101010101010101010010101010101010100101010100100000
0101010101010101010101010101010101010100101010101010101010101010100101010101010101010010101010000000
1010101010101010101010101010101010101010010101010101010101010101010010101010101010100101010100100000
0101010101010101010101010101010101010100101010101010101010101010100101010101010101010010101010000000
1010101010101010101010101010101010101001010101010101010101010101010010101010101010100101010100100000
0101010101010101010101010101010101010100101010101010101010101010100101010101010101001010101010000000
1010101010101010101010101010101010101001010101010101010101010101010010101010101010100101010100100000
0101010101010101010101010101010101010100101010101010101010101010100101010101010101001010101010000000
1010101010101010101010101010101010101001010101010101010101010101010010101010101010010101010100100000
0101010101010101010101010101010101010100101010101010101010101010100101010101010101001010101010000000
1010101010101010101010101010101010101001010101010101010101010101010010101010101010010101010100100000
0101010101010101010101010101010101010100101010101010101010101010100101010101010101001010101010000000
1010101010101010101010101010101010101001010101010101010101010101010010101010101010010101010100100000
0101010101010101010101010101010101010100101010101010101010101010100101010101010101001010101010000000
1010101010101010101010101010101010101001010101010101010101010101010010101010101010010101010100100000
0101010101010101010101010101010101010100101010101010101010101010100101010101010101001010101010000000
1010101010101010101010101010101010101001010101010101010101010101010010101010101010010101010100100000
0101010101010101010101010101010101010100101010101010101010101010100101010101010101001010101010000000
1010101010101010101010101010101010101001010101010101010101010101010010101010101010010101010100100000
0101010101010101010101010101010101010010101010101010101010101010100101010101010101001010101010000000
1010101010101010101010101010101010101001010101010101010101010101010010101010101010010101010100100000
0101010101010101010101010101010101010010101010101010101010101010100101010101010101001010101010000000
1010101010101010101010101010101010101001010101010101010101010101010010101010101010010101010100100000
0101010101010101010101010101010101010010101010101010101010101010100101010101010101001010101010000000
1010101010101010101010101010101010101001010101010101010101010101010010101010101010010101010100100000
0101010101010101010101010101010101010010101010101010101010101010100101010101010101001010101010000000
1010101010101010101010101010101010101001010101010101010101010101010010101010101010010101010100100000
0101010101010101010101010101010101010010101010101010101010101010100101010101010101001010101010000000
1010101010101010101010101010101010101001010101010101010101010101010010101010101010010101010100100000
0101010101010101010101010101010101010010101010101010101010101010100101010101010101001010101010000000
1010101010101010101010101010101010101001010101010101010101010101010010101010101010010101010100100000
0101010101010101010101010101010101010010101010101010101010101010100101010101010101001010101010000000
1010101010101010101010101010101010101001010101010101010101010101010010101010101010010101010100100000
0101010101010101010101010101010101010010101010101010101010101010100101010101010101001010101010000000
1010101010101010101010101010101010101001010101010101010101010101010010101010101010010101010100100000
0101010101010101010101010101010101010010101010101010101010101010100101010101010100101010101010000000
1010101010101010101010101010101010101001010101010101010101010101010010101010101010010101010100100000
0101010101010101010101010101010101010010101010101010101010101010100101010101010100101010101010000000
1010101010101010101010101010101010101001010101010101010101010101010010101010101010010101010100100000
0101010101010101010101010101010101010010101010101010101010101010100101010101010100101010101010000000
1010101010101010101010101010101010101001010101010101010101010101010010101010101010010101010100100000
0101010101010101010101010101010101010010101010101010101010101010100101010101010100101010101010000000
1010101010101010101010101010101010101001010101010101010101010101010010101010101010010101010100100000
0101010101010101010101010101010101010010101010101010101010101010100101010101010100101010101010000000
1010101010101010101010101010101010101001010101010101010101010101001010101010101010010101010100100000
0101010101010101010101010101010101010010101010101010101010101010100101010101010100101010101010000000
1010101010101010101010101010101010101001010101010101010101010101001010101010101010010101010100100000
0101010101010101010101010101010101010010101010101010101010101010100101010101010100101010101010000000
1010101010101010101010101010101010100101010101010101010101010101001010101010101010010101010100100000
0101010101010101010101010101010101010010101010101010101010101010100101010101010100101010101010000000
1010101010101010101010101010101010100101010101010101010101010101001010101010101010010101010100100000
0101010101010101010101010101010101001010101010101010101010101010100101010101010100101010101010000000
1010101010101010101010101010101010100101010101010101010101010101001010101010101010010101010100100000
0101010101010101010101010101010101001010101010101010101010101010100101010101010100101010101010000000
1010101010101010101010101010101010100101010101010101010101010101001010101010101001010101010100100000
0101010101010101010101010101010101001010101010101010101010101010100101010101010100101010101010000000
1010101010101010101010101010101010010101010101010101010101010101001010101010101001010101010100100000
0101010101010101010101010101010100101010101010101010101010101010100101010101010010101010101010000000
1010101010101010101010101010101001010101010101010101010101010101001010101010101001010101010100100000
0101010101010101010101010101010100101010101010101010101010101010100101010101010010101010101010000000
1010101010101010101010101010101001010101010101010101010101010101001010101010101001010101010100100000
0101010101010101010101010101010100101010101010101010101010101010100101010101010010101010101010000000
1010101010101010101010101010101001010101010101010101010101010101001010101010101001010101010100100000
0101010101010101010101010101010010101010101010101010101010101010010101010101010010101010101010000000
1010101010101010101010101010101001010101010101010101010101010101001010101010100101010101010100100000
0101010101010101010101010101010010101010101010101010101010101010010101010101010010101010101001000000
1010101010101010101010101010101001010101010101010101010101010101001010101010100101010101010100100000
0101010101010101010101010101010010101010101010101010101010101010010101010101010010101010101001000000
1010101010101010101010101010101001010101010101010101010101010101001010101010100101010101010100100000
0101010101010101010101010101010010101010101010101010101010101010010101010101001010101010101001000000
1010101010101010101010101010100101010101010101010101010101010101001010101010100101010101010100100000
0101010101010101010101010101001010101010101010101010101010101010010101010101001010101010101001000000
1010101010101010101010101010010101010101010101010101010101010101001010101010100101010101010100100000
0101010101010101010101010101001010101010101010101010101010101010010101010101001010101010101001000000
1010101010101010101010101010010101010101010101010101010101010100101010101010100101010101010100100000
0101010101010101010101010101001010101010101010101010101010101010010101010101001010101010101001000000
1010101010101010101010101010010101010101010101010101010101010100101010101010100101010101010100100000
0101010101010101010101010101001010101010101010101010101010101010010101010101001010101010101001000000
1010101010101010101010101010010101010101010101010101010101010100101010101010100101010101010100100000
0101010101010101010101010101001010101010101010101010101010101010010101010101001010101010101001000000
1010101010101010101010101010010101010101010101010101010101010100101010101010100101010101010100100000
0101010101010101010101010101001010101010101010101010101010101001010101010101001010101010101001000000
1010101010101010101010101010010101010101010101010101010101010100101010101010100101010101010100100000
0101010101010101010101010101001010101010101010101010101010101001010101010101001010101010101001000000
1010101010101010101010101010010101010101010101010101010101010100101010101010100101010101010100100000
0101010101010101010101010101001010101010101010101010101010101001010101010101001010101010101001000000
1010101010101010101010101010010101010101010101010101010101010010101010101010100101010101010010100000
0101010101010101010101010100101010101010101010101010101010101001010101010101001010101010101001000000
1010101010101010101010101010010101010101010101010101010101010010101010101010100101010101010010100000
0101010101010101010101010100101010101010101010101010101010100101010101010101001010101010101001000000
1010101010101010101010101010010101010101010101010101010101010010101010101010100101010101010010100000
0101010101010101010101010100101010101010101010101010101010100101010101010101001010101010101001000000
1010101010101010101010101001010101010101010101010101010101010010101010101010100101010101010010100000
0101010101010101010101010100101010101010101010101010101010100101010101010101001010101010101001000000
1010101010101010101010101001010101010101010101010101010101010010101010101010100101010101010010100000
0101010101010101010101010010101010101010101010101010101010100101010101010101001010101010101001000000
1010101010101010101010101001010101010101010101010101010101010010101010101010100101010101010010100000
0101010101010101010101010010101010101010101010101010101010100101010101010101001010101010101001000000
1010101010101010101010100101010101010101010101010101010101010010101010101010100101010101010010100000
0101010101010101010101010010101010101010101010101010101010100101010101010101001010101010101001000000
1010101010101010101010100101010101010101010101010101010101010010101010101010100101010101010010100000
0101010101010101010101010010101010101010101010101010101010100101010101010101001010101010101001000000
1010101010101010101010100101010101010101010101010101010101010010101010101010100101010101010010100000
0101010101010101010101010010101010101010101010101010101010100101010101010101001010101010101001000000
1010101010101010101010100101010101010101010101010101010101010010101010101010100101010101010010100000
0101010101010101010101010010101010101010101010101010101010100101010101010101001010101010101001000000
1010101010101010101010100101010101010101010101010101010101010010101010101010100101010101010010100000
0101010101010101010101010010101010101010101010101010101010100101010101010101001010101010101001000000
1010101010101010101010100101010101010101010101010101010101010010101010101010010101010101010010100000
0101010101010101010101010010101010101010101010101010101010100101010101010101001010101010101001000000
1010101010101010101010100101010101010101010101010101010101010010101010101010010101010101010010100000
0101010101010101010101010010101010101010101010101010101010100101010101010101001010101010101001000000
1010101010101010101010100101010101010101010101010101010101010010101010101010010101010101010010100000
0101010101010101010101010010101010101010101010101010101010100101010101010101001010101010101001000000
1010101010101010101010100101010101010101010101010101010101001010101010101010010101010101010010100000
0101010101010101010101010010101010101010101010101010101010010101010101010101001010101010101001000000
1010101010101010101010100101010101010101010101010101010101001010101010101010010101010101010010100000
0101010101010101010101010010101010101010101010101010101010010101010101010101001010101010101001000000
1010101010101010101010100101010101010101010101010101010101001010101010101010010101010101010010100000
0101010101010101010101010010101010101010101010101010101010010101010101010101001010101010101001000000
1010101010101010101010100101010101010101010101010101010101001010101010101010010101010101010010100000
0101010101010101010101010010101010101010101010101010101010010101010101010101001010101010101001000000
1010101010101010101010100101010101010101010101010101010101001010101010101010010101010101010010100000
0101010101010101010101001010101010101010101010101010101010010101010101010101001010101010101001000000
1010101010101010101010100101010101010101010101010101010101001010101010101010010101010101010010100000
0101010101010101010101001010101010101010101010101010101010010101010101010101001010101010101001000000
1010101010101010101010100101010101010101010101010101010101001010101010101010010101010101010010100000
0101010101010101010101001010101010101010101010101010101010010101010101010101001010101010101001000000
1010101010101010101010100101010101010101010101010101010100101010101010101010010101010101010010100000
0101010101010101010101001010101010101010101010101010101001010101010101010101001010101010101001000000
1010101010101010101010010101010101010101010101010101010100101010101010101010010101010101010010100000
0101010101010101010100101010101010101010101010101010101001010101010101010101001010101010101001000000
1010101010101010101001010101010101010101010101010101010010101010101010101010010101010101010010100000
0101010101010101010100101010101010101010101010101010101001010101010101010101001010101010101001000000
1010101010101010101001010101010101010101010101010101010010101010101010101010010101010101010010100000
0101010101010101010100101010101010101010101010101010100101010101010101010101001010101010101001000000
1010101010101010101001010101010101010101010101010101010010101010101010101010010101010101010010100000
0101010101010101010010101010101010101010101010101010100101010101010101010101001010101010101001000000
1010101010101010100101010101010101010101010101010101010010101010101010101010010101010101010010100000
0101010101010101010010101010101010101010101010101010100101010101010101010101001010101010101001000000
1010101010101010100101010101010101010101010101010101010010101010101010101010010101010101010010100000
0101010101010101010010101010101010101010101010101010100101010101010101010101001010101010101001000000
1010101010101010100101010101010101010101010101010101010010101010101010101010010101010101010010100000
0101010101010101001010101010101010101010101010101010100101010101010101010101001010101010101001000000
1010101010101010010101010101010101010101010101010101001010101010101010101010010101010101010010100000
0101010101010100101010101010101010101010101010101010100101010101010101010101001010101010101001000000
1010101010101001010101010101010101010101010101010101001010101010101010101010010101010101010010100000
0101010101010010101010101010101010101010101010101010100101010101010101010101001010101010101001000000
1010101010101001010101010101010101010101010101010101001010101010101010101010010101010101010010100000
0101010101010010101010101010101010101010101010101010100101010101010101010101001010101010101001000000
1010101010101001010101010101010101010101010101010101001010101010101010101010010101010101010010100000
0101010101010010101010101010101010101010101010101010100101010101010101010101001010101010101001000000
1010101010101001010101010101010101010101010101010101001010101010101010101010010101010101010010100000
0101010101010010101010101010101010101010101010101010100101010101010101010101001010101010101001000000
1010101010101001010101010101010101010101010101010101001010101010101010101010010101010101010010100000
0101010101010010101010101010101010101010101010101010100101010101010101010101001010101010101001000000
1010101010101001010101010101010101010101010101010101001010101010101010101010010101010101010010100000
0101010101010010101010101010101010101010101010101010100101010101010101010101001010101010101001000000
1010101010101001010101010101010101010101010101010101001010101010101010101010010101010101010010100000
0101010101010010101010101010101010101010101010101010100101010101010101010101001010101010101001000000
1010101010100101010101010101010101010101010101010101001010101010101010101010010101010101010010100000
0101010101001010101010101010101010101010101010101010100101010101010101010101001010101010101001000000
1010101010100101010101010101010101010101010101010101001010101010101010101010010101010101010010100000
0101010101001010101010101010101010101010101010101010100101010101010101010101001010101010101001000000
1010101010100101010101010101010101010101010101010101001010101010101010101010010101010101010010100000
0101010101001010101010101010101010101010101010101010100101010101010101010101001010101010101001000000
1010101010100101010101010101010101010101010101010101001010101010101010101010010101010101010010100000
0101010101001010101010101010101010101010101010101010100101010101010101010101001010101010101001000000
1010101010010101010101010101010101010101010101010101001010101010101010101010010101010101010010100000
0101010100101010101010101010101010101010101010101010100101010101010101010101001010101010101001000000
1010101010010101010101010101010101010101010101010101001010101010101010101010010101010101010010100000
0101010100101010101010101010101010101010101010101010100101010101010101010101001010101010101001000000
1010101010010101010101010101010101010101010101010101001010101010101010101010010101010101010010100000
0101010100101010101010101010101010101010101010101010100101010101010101010101001010101010101001000000
1010101010010101010101010101010101010101010101010101001010101010101010101010010101010101010010100000
0101010100101010101010101010101010101010101010101010100101010101010101010101001010101010101001000000
1010101001010101010101010101010101010101010101010101001010101010101010101010010101010101010010100000
0101010100101010101010101010101010101010101010101010100101010101010101010101001010101010101001000000
1010101001010101010101010101010101010101010101010101001010101010101010101010010101010101010010100000
0101010100101010101010101010101010101010101010101010100101010101010101010101001010101010101001000000
1010101001010101010101010101010101010101010101010101001010101010101010101010010101010101010010100000
0101010100101010101010101010101010101010101010101010010101010101010101010101001010101010101001000000
1010101001010101010101010101010101010101010101010101001010101010101010101010010101010101010010100000
0101010100101010101010101010101010101010101010101010010101010101010101010101001010101010101001000000
1010101001010101010101010101010101010101010101010101001010101010101010101010010101010101010010100000
0101010100101010101010101010101010101010101010101010010101010101010101010101001010101010101001000000
1010101001010101010101010101010101010101010101010100101010101010101010101010010101010101010010100000
0101010100101010101010101010101010101010101010101010010101010101010101010101001010101010101001000000
1010101001010101010101010101010101010101010101010100101010101010101010101010010101010101010010100000
0101010100101010101010101010101010101010101010101010010101010101010101010101001010101010101001000000
1010101001010101010101010101010101010101010101010100101010101010101010101010010101010101010010100000
0101010010101010101010101010101010101010101010101010010101010101010101010101001010101010101001000000
1010100101010101010101010101010101010101010101010100101010101010101010101010010101010101010010100000
0101010010101010101010101010101010101010101010101010010101010101010101010101001010101010101001000000
1010100101010101010101010101010101010101010101010100101010101010101010101010010101010101010010100000
0101010010101010101010101010101010101010101010101010010101010101010101010101001010101010101001000000
1010100101010101010101010101010101010101010101010100101010101010101010101010010101010101010010100000
0101010010101010101010101010101010101010101010101010010101010101010101010101001010101010101001000000
1010100101010101010101010101010101010101010101010100101010101010101010101010010101010101010010100000
0101010010101010101010101010101010101010101010101010010101010101010101010101001010101010101001000000
1010100101010101010101010101010101010101010101010100101010101010101010101010010101010101010010100000
0101010010101010101010101010101010101010101010101010010101010101010101010101001010101010101001000000
1010100101010101010101010101010101010101010101010100101010101010101010101010010101010101010010100000
0101010010101010101010101010101010101010101010101001010101010101010101010101001010101010101001000000
1010100101010101010101010101010101010101010101010010101010101010101010101010010101010101010010100000
0101010010101010101010101010101010101010101010101001010101010101010101010101001010101010101001000000
1010100101010101010101010101010101010101010101010010101010101010101010101010010101010101010010100000
0101010010101010101010101010101010101010101010101001010101010101010101010101001010101010101001000000
1010100101010101010101010101010101010101010101010010101010101010101010101010010101010101010010100000
0101010010101010101010101010101010101010101010101001010101010101010101010101001010101010101001000000
1010100101010101010101010101010101010101010101010010101010101010101010101010010101010101010010100000
0101010010101010101010101010101010101010101010101001010101010101010101010101001010101010101001000000
1010100101010101010101010101010101010101010101010010101010101010101010101010010101010101010010100000
0101010010101010101010101010101010101010101010101001010101010101010101010101001010101010101001000000
1010100101010101010101010101010101010101010101010010101010101010101010101010010101010101010010100000
0101010010101010101010101010101010101010101010101001010101010101010101010101001010101010101001000000
1010100101010101010101010101010101010101010101010010101010101010101010101010010101010101010010100000
0101010010101010101010101010101010101010101010101001010101010101010101010101001010101010101001000000
1010100101010101010101010101010101010101010101010010101010101010101010101010010101010101010010100000
0101010010101010101010101010101010101010101010101001010101010101010101010101001010101010101001000000
1010100101010101010101010101010101010101010101010010101010101010101010101010010101010101010010100000
0101010010101010101010101010101010101010101010101001010101010101010101010101001010101010101001000000
1010100101010101010101010101010101010101010101010010101010101010101010101010010101010101010010100000
0101010010101010101010101010101010101010101010101001010101010101010101010101001010101010101001000000
1010100101010101010101010101010101010101010101010010101010101010101010101010010101010101010010100000
0101010010101010101010101010101010101010101010101001010101010101010101010101001010101010101001000000
1010100101010101010101010101010101010101010101010010101010101010101010101010010101010101010010100000
0101010010101010101010101010101010101010101010101001010101010101010101010101001010101010101001000000
1010100101010101010101010101010101010101010101010010101010101010101010101010010101010101010010100000
0101010010101010101010101010101010101010101010101001010101010101010101010100101010101010101001000000
1010100101010101010101010101010101010101010101010010101010101010101010101010010101010101010010100000
0101010010101010101010101010101010101010101010101001010101010101010101010100101010101010101001000000
1010100101010101010101010101010101010101010101010010101010101010101010101010010101010101010010100000
0101010010101010101010101010101010101010101010100101010101010101010101010100101010101010101001000000
1010100101010101010101010101010101010101010101010010101010101010101010101010010101010101010010100000
0101010010101010101010101010101010101010101010100101010101010101010101010100101010101010101001000000
1010100101010101010101010101010101010101010101010010101010101010101010101010010101010101010010100000
0101001010101010101010101010101010101010101010100101010101010101010101010100101010101010101001000000
1010100101010101010101010101010101010101010101010010101010101010101010101001010101010101010010100000
0101001010101010101010101010101010101010101010100101010101010101010101010100101010101010101001000000
1010100101010101010101010101010101010101010101010010101010101010101010101001010101010101010010100000
0101001010101010101010101010101010101010101010100101010101010101010101010100101010101010100101000000
1010100101010101010101010101010101010101010101010010101010101010101010101001010101010101010010100000
0101001010101010101010101010101010101010101010100101010101010101010101010100101010101010100101000000
1010100101010101010101010101010101010101010101010010101010101010101010101001010101010101010010100000
0101001010101010101010101010101010101010101010100101010101010101010101010100101010101010100101000000
1010100101010101010101010101010101010101010101010010101010101010101010101001010101010101010010100000
0101001010101010101010101010101010101010101010100101010101010101010101010100101010101010100101000000
1010100101010101010101010101010101010101010101010010101010101010101010101001010101010101010010100000
0101001010101010101010101010101010101010101010100101010101010101010101010100101010101010100101000000
1010100101010101010101010101010101010101010101001010101010101010101010101001010101010101010010100000
0101001010101010101010101010101010101010101010100101010101010101010101010100101010101010100101000000
1010100101010101010101010101010101010101010101001010101010101010101010101001010101010101010010100000
0101001010101010101010101010101010101010101010100101010101010101010101010100101010101010100101000000
1010100101010101010101010101010101010101010101001010101010101010101010101001010101010101001010100000
0101001010101010101010101010101010101010101010100101010101010101010101010100101010101010100101000000
1010100101010101010101010101010101010101010101001010101010101010101010101001010101010101001010100000
0101001010101010101010101010101010101010101010100101010101010101010101010100101010101010100101000000
1010010101010101010101010101010101010101010101001010101010101010101010101001010101010101001010100000
0100101010101010101010101010101010101010101010100101010101010101010101010100101010101010100101000000
1010010101010101010101010101010101010101010101001010101010101010101010101001010101010101001010100000
0100101010101010101010101010101010101010101010010101010101010101010101010100101010101010010101000000
1001010101010101010101010101010101010101010101001010101010101010101010101001010101010101001010100000
0010101010101010101010101010101010101010101010010101010101010101010101010100101010101010010101000000
1001010101010101010101010101010101010101010101001010101010101010101010101001010101010100101010100000
0010101010101010101010101010101010101010101010010101010101010101010101010100101010101010010101000000
1001010101010101010101010101010101010101010101001010101010101010101010101001010101010100101010100000
0010101010101010101010101010101010101010101010010101010101010101010101010010101010101001010101000000
1001010101010101010101010101010101010101010101001010101010101010101010100101010101010100101010100000
