Yes
01010101010101010101010000010101010101010101010101010101010101010101010101000101010101010101010100010101010101010101010101010101010101010001000101010101010100010101010101010101000001010101000101010100010101010101010101010001010101010101010101010101010101010101010101010100010101010101010100010101010
10101010101010001010101010001010001010101010101010101010101010101010101010101010101010101010101010101010101010001010101010100010101010001010101010001010100010101010001010101010100010101010101010101010101010101010101010101010101010101010100010101010101010001010101010101010101010101010100010100010101
01010101010101010101010000010101010101010101010101010101010101010101010101000101010101010101010100010101010101010101010101010101010101010001000101010101010100010101010101010101000001010101000101010100010101010101010101010001010101010101010101010101010101010101010101010100010101010101010100010101010
10101010101010001010101010001010001010101010101010101010101010101010101010101010101010101010101010101010101010001010101010100010101010001010101010001010100010101010001010101010100010101010101010101010101010101010101010101010101010101010100010101010101010001010101010101010101010101010100010100010101
01010101010101010101010000010101010101010101010101010101010101010101010101000101010101010101010100010101010101010101010101010101010101010001000101010101010100010101010101010101000001010101000101010100010101010101010101010001010101010101010101010101010101010101010101010100010101010101010100010101010
10101010101010001010101010001010001010101010101010101010101010101010101010101010101010101010101010101010101010001010101010100010101010001010101010001010100010101010001010101010100010101010101010101010101010101010101010101010101010101010100010101010101010001010101010101010101010101010100010100010101
01010101010101010101010000010101010101010101010101010101010101010101010101000101010101010101010100010101010101010101010101010101010101010001000101010101010100010101010101010101000001010101000101010100010101010101010101010001010101010101010101010101010101010101010101010100010101010101010100010101010
10101010101010001010101010001010001010101010101010101010101010101010101010101010101010101010101010101010101010001010101010100010101010001010101010001010100010101010001010101010100010101010101010101010101010101010101010101010101010101010100010101010101010001010101010101010101010101010100010100010101
01010101010101010101010000010101010101010101010101010101010101010101010101000101010101010101010100010101010101010101010101010101010101010001000101010101010100010101010101010101000001010101000101010100010101010101010101010001010101010101010101010101010101010101010101010100010101010101010100010101010
10101010101010001010101010001010001010101010101010101010101010101010101010101010101010101010101010101010101010001010101010100010101010001010101010001010100010101010001010101010100010101010101010101010101010101010101010101010101010101010100010101010101010001010101010101010101010101010100010100010101
01010101010101010101010000010101010101010101010101010101010101010101010101000101010101010101010100010101010101010101010101010101010101010001000101010101010100010101010101010101000001010101000101010100010101010101010101010001010101010101010101010101010101010101010101010100010101010101010100010101010
10101010101010001010101010001010001010101010101010101010101010101010101010101010101010101010101010101010101010001010101010100010101010001010101010001010100010101010001010101010100010101010101010101010101010101010101010101010101010101010100010101010101010001010101010101010101010101010100010100010101
01010101010101010101010000010101010101010101010101010101010101010101010101000101010101010101010100010101010101010101010101010101010101010001000101010101010100010101010101010101000001010101000101010100010101010101010101010001010101010101010101010101010101010101010101010100010101010101010100010101010
10101010101010001010101010001010001010101010101010101010101010101010101010101010101010101010101010101010101010001010101010100010101010001010101010001010100010101010001010101010100010101010101010101010101010101010101010101010101010101010100010101010101010001010101010101010101010101010100010100010101
01010101010101010101010000010101010101010101010101010101010101010101010101000101010101010101010100010101010101010101010101010101010101010001000101010101010100010101010101010101000001010101000101010100010101010101010101010001010101010101010101010101010101010101010101010100010101010101010100010101010
10101010101010001010101010001010001010101010101010101010101010101010101010101010101010101010101010101010101010001010101010100010101010001010101010001010100010101010001010101010100010101010101010101010101010101010101010101010101010101010100010101010101010001010101010101010101010101010100010100010101
01010101010101010101010000010101010101010101010101010101010101010101010101000101010101010101010100010101010101010101010101010101010101010001000101010101010100010101010101010101000001010101000101010100010101010101010101010001010101010101010101010101010101010101010101010100010101010101010100010101010
10101010101010001010101010001010001010101010101010101010101010101010101010101010101010101010101010101010101010001010101010100010101010001010101010001010100010101010001010101010100010101010101010101010101010101010101010101010101010101010100010101010101010001010101010101010101010101010100010100010101
01010101010101010101010000010101010101010101010101010101010101010101010101000101010101010101010100010101010101010101010101010101010101010001000101010101010100010101010101010101000001010101000101010100010101010101010101010001010101010101010101010101010101010101010101010100010101010101010100010101010
10101010101010001010101010001010001010101010101010101010101010101010101010101010101010101010101010101010101010001010101010100010101010001010101010001010100010101010001010101010100010101010101010101010101010101010101010101010101010101010100010101010101010001010101010101010101010101010100010100010101
01010101010101010101010000010101010101010101010101010101010101010101010101000101010101010101010100010101010101010101010101010101010101010001000101010101010100010101010101010101000001010101000101010100010101010101010101010001010101010101010101010101010101010101010101010100010101010101010100010101010
10101010101010001010101010001010001010101010101010101010101010101010101010101010101010101010101010101010101010001010101010100010101010001010101010001010100010101010001010101010100010101010101010101010101010101010101010101010101010101010100010101010101010001010101010101010101010101010100010100010101
01010101010101010101010000010101010101010101010101010101010101010101010101000101010101010101010100010101010101010101010101010101010101010001000101010101010100010101010101010101000001010101000101010100010101010101010101010001010101010101010101010101010101010101010101010100010101010101010100010101010
10101010101010001010101010001010001010101010101010101010101010101010101010101010101010101010101010101010101010001010101010100010101010001010101010001010100010101010001010101010100010101010101010101010101010101010101010101010101010101010100010101010101010001010101010101010101010101010100010100010101
01010101010101010101010000010101010101010101010101010101010101010101010101000101010101010101010100010101010101010101010101010101010101010001000101010101010100010101010101010101000001010101000101010100010101010101010101010001010101010101010101010101010101010101010101010100010101010101010100010101010
10101010101010001010101010001010001010101010101010101010101010101010101010101010101010101010101010101010101010001010101010100010101010001010101010001010100010101010001010101010100010101010101010101010101010101010101010101010101010101010100010101010101010001010101010101010101010101010100010100010101
01010101010101010101010000010101010101010101010101010101010101010101010101000101010101010101010100010101010101010101010101010101010101010001000101010101010100010101010101010101000001010101000101010100010101010101010101010001010101010101010101010101010101010101010101010100010101010101010100010101010
10101010101010001010101010001010001010101010101010101010101010101010101010101010101010101010101010101010101010001010101010100010101010001010101010001010100010101010001010101010100010101010101010101010101010101010101010101010101010101010100010101010101010001010101010101010101010101010100010100010101
01010101010101010101010000010101010101010101010101010101010101010101010101000101010101010101010100010101010101010101010101010101010101010001000101010101010100010101010101010101000001010101000101010100010101010101010101010001010101010101010101010101010101010101010101010100010101010101010100010101010
10101010101010001010101010001010001010101010101010101010101010101010101010101010101010101010101010101010101010001010101010100010101010001010101010001010100010101010001010101010100010101010101010101010101010101010101010101010101010101010100010101010101010001010101010101010101010101010100010100010101
01010101010101010101010000010101010101010101010101010101010101010101010101000101010101010101010100010101010101010101010101010101010101010001000101010101010100010101010101010101000001010101000101010100010101010101010101010001010101010101010101010101010101010101010101010100010101010101010100010101010
10101010101010001010101010001010001010101010101010101010101010101010101010101010101010101010101010101010101010001010101010100010101010001010101010001010100010101010001010101010100010101010101010101010101010101010101010101010101010101010100010101010101010001010101010101010101010101010100010100010101
01010101010101010101010000010101010101010101010101010101010101010101010101000101010101010101010100010101010101010101010101010101010101010001000101010101010100010101010101010101000001010101000101010100010101010101010101010001010101010101010101010101010101010101010101010100010101010101010100010101010
10101010101010001010101010001010001010101010101010101010101010101010101010101010101010101010101010101010101010001010101010100010101010001010101010001010100010101010001010101010100010101010101010101010101010101010101010101010101010101010100010101010101010001010101010101010101010101010100010100010101
01010101010101010101010000010101010101010101010101010101010101010101010101000101010101010101010100010101010101010101010101010101010101010001000101010101010100010101010101010101000001010101000101010100010101010101010101010001010101010101010101010101010101010101010101010100010101010101010100010101010
10101010101010001010101010001010001010101010101010101010101010101010101010101010101010101010101010101010101010001010101010100010101010001010101010001010100010101010001010101010100010101010101010101010101010101010101010101010101010101010100010101010101010001010101010101010101010101010100010100010101
01010101010101010101010000010101010101010101010101010101010101010101010101000101010101010101010100010101010101010101010101010101010101010001000101010101010100010101010101010101000001010101000101010100010101010101010101010001010101010101010101010101010101010101010101010100010101010101010100010101010
10101010101010001010101010001010001010101010101010101010101010101010101010101010101010101010101010101010101010001010101010100010101010001010101010001010100010101010001010101010100010101010101010101010101010101010101010101010101010101010100010101010101010001010101010101010101010101010100010100010101
01010101010101010101010000010101010101010101010101010101010101010101010101000101010101010101010100010101010101010101010101010101010101010001000101010101010100010101010101010101000001010101000101010100010101010101010101010001010101010101010101010101010101010101010101010100010101010101010100010101010
10101010101010001010101010001010001010101010101010101010101010101010101010101010101010101010101010101010101010001010101010100010101010001010101010001010100010101010001010101010100010101010101010101010101010101010101010101010101010101010100010101010101010001010101010101010101010101010100010100010101
01010101010101010101010000010101010101010101010101010101010101010101010101000101010101010101010100010101010101010101010101010101010101010001000101010101010100010101010101010101000001010101000101010100010101010101010101010001010101010101010101010101010101010101010101010100010101010101010100010101010
10101010101010001010101010001010001010101010101010101010101010101010101010101010101010101010101010101010101010001010101010100010101010001010101010001010100010101010001010101010100010101010101010101010101010101010101010101010101010101010100010101010101010001010101010101010101010101010100010100010101
01010101010101010101010000010101010101010101010101010101010101010101010101000101010101010101010100010101010101010101010101010101010101010001000101010101010100010101010101010101000001010101000101010100010101010101010101010001010101010101010101010101010101010101010101010100010101010101010100010101010
10101010101010001010101010001010001010101010101010101010101010101010101010101010101010101010101010101010101010001010101010100010101010001010101010001010100010101010001010101010100010101010101010101010101010101010101010101010101010101010100010101010101010001010101010101010101010101010100010100010101
01010101010101010101010000010101010101010101010101010101010101010101010101000101010101010101010100010101010101010101010101010101010101010001000101010101010100010101010101010101000001010101000101010100010101010101010101010001010101010101010101010101010101010101010101010100010101010101010100010101010
10101010101010001010101010001010001010101010101010101010101010101010101010101010101010101010101010101010101010001010101010100010101010001010101010001010100010101010001010101010100010101010101010101010101010101010101010101010101010101010100010101010101010001010101010101010101010101010100010100010101
01010101010101010101010000010101010101010101010101010101010101010101010101000101010101010101010100010101010101010101010101010101010101010001000101010101010100010101010101010101000001010101000101010100010101010101010101010001010101010101010101010101010101010101010101010100010101010101010100010101010
10101010101010001010101010001010001010101010101010101010101010101010101010101010101010101010101010101010101010001010101010100010101010001010101010001010100010101010001010101010100010101010101010101010101010101010101010101010101010101010100010101010101010001010101010101010101010101010100010100010101
01010101010101010101010000010101010101010101010101010101010101010101010101000101010101010101010100010101010101010101010101010101010101010001000101010101010100010101010101010101000001010101000101010100010101010101010101010001010101010101010101010101010101010101010101010100010101010101010100010101010
10101010101010001010101010001010001010101010101010101010101010101010101010101010101010101010101010101010101010001010101010100010101010001010101010001010100010101010001010101010100010101010101010101010101010101010101010101010101010101010100010101010101010001010101010101010101010101010100010100010101
01010101010101010101010000010101010101010101010101010101010101010101010101000101010101010101010100010101010101010101010101010101010101010001000101010101010100010101010101010101000001010101000101010100010101010101010101010001010101010101010101010101010101010101010101010100010101010101010100010101010
10101010101010001010101010001010001010101010101010101010101010101010101010101010101010101010101010101010101010001010101010100010101010001010101010001010100010101010001010101010100010101010101010101010101010101010101010101010101010101010100010101010101010001010101010101010101010101010100010100010101
01010101010101010101010000010101010101010101010101010101010101010101010101000101010101010101010100010101010101010101010101010101010101010001000101010101010100010101010101010101000001010101000101010100010101010101010101010001010101010101010101010101010101010101010101010100010101010101010100010101010
10101010101010001010101010001010001010101010101010101010101010101010101010101010101010101010101010101010101010001010101010100010101010001010101010001010100010101010001010101010100010101010101010101010101010101010101010101010101010101010100010101010101010001010101010101010101010101010100010100010101
01010101010101010101010000010101010101010101010101010101010101010101010101000101010101010101010100010101010101010101010101010101010101010001000101010101010100010101010101010101000001010101000101010100010101010101010101010001010101010101010101010101010101010101010101010100010101010101010100010101010
10101010101010001010101010001010001010101010101010101010101010101010101010101010101010101010101010101010101010001010101010100010101010001010101010001010100010101010001010101010100010101010101010101010101010101010101010101010101010101010100010101010101010001010101010101010101010101010100010100010101
01010101010101010101010000010101010101010101010101010101010101010101010101000101010101010101010100010101010101010101010101010101010101010001000101010101010100010101010101010101000001010101000101010100010101010101010101010001010101010101010101010101010101010101010101010100010101010101010100010101010
10101010101010001010101010001010001010101010101010101010101010101010101010101010101010101010101010101010101010001010101010100010101010001010101010001010100010101010001010101010100010101010101010101010101010101010101010101010101010101010100010101010101010001010101010101010101010101010100010100010101
01010101010101010101010000010101010101010101010101010101010101010101010101000101010101010101010100010101010101010101010101010101010101010001000101010101010100010101010101010101000001010101000101010100010101010101010101010001010101010101010101010101010101010101010101010100010101010101010100010101010
10101010101010001010101010001010001010101010101010101010101010101010101010101010101010101010101010101010101010001010101010100010101010001010101010001010100010101010001010101010100010101010101010101010101010101010101010101010101010101010100010101010101010001010101010101010101010101010100010100010101
01010101010101010101010000010101010101010101010101010101010101010101010101000101010101010101010100010101010101010101010101010101010101010001000101010101010100010101010101010101000001010101000101010100010101010101010101010001010101010101010101010101010101010101010101010100010101010101010100010101010
10101010101010001010101010001010001010101010101010101010101010101010101010101010101010101010101010101010101010001010101010100010101010001010101010001010100010101010001010101010100010101010101010101010101010101010101010101010101010101010100010101010101010001010101010101010101010101010100010100010101
01010101010101010101010000010101010101010101010101010101010101010101010101000101010101010101010100010101010101010101010101010101010101010001000101010101010100010101010101010101000001010101000101010100010101010101010101010001010101010101010101010101010101010101010101010100010101010101010100010101010
10101010101010001010101010001010001010101010101010101010101010101010101010101010101010101010101010101010101010001010101010100010101010001010101010001010100010101010001010101010100010101010101010101010101010101010101010101010101010101010100010101010101010001010101010101010101010101010100010100010101
01010101010101010101010000010101010101010101010101010101010101010101010101000101010101010101010100010101010101010101010101010101010101010001000101010101010100010101010101010101000001010101000101010100010101010101010101010001010101010101010101010101010101010101010101010100010101010101010100010101010
10101010101010001010101010001010001010101010101010101010101010101010101010101010101010101010101010101010101010001010101010100010101010001010101010001010100010101010001010101010100010101010101010101010101010101010101010101010101010101010100010101010101010001010101010101010101010101010100010100010101
01010101010101010101010000010101010101010101010101010101010101010101010101000101010101010101010100010101010101010101010101010101010101010001000101010101010100010101010101010101000001010101000101010100010101010101010101010001010101010101010101010101010101010101010101010100010101010101010100010101010
10101010101010001010101010001010001010101010101010101010101010101010101010101010101010101010101010101010101010001010101010100010101010001010101010001010100010101010001010101010100010101010101010101010101010101010101010101010101010101010100010101010101010001010101010101010101010101010100010100010101
01010101010101010101010000010101010101010101010101010101010101010101010101000101010101010101010100010101010101010101010101010101010101010001000101010101010100010101010101010101000001010101000101010100010101010101010101010001010101010101010101010101010101010101010101010100010101010101010100010101010
10101010101010001010101010001010001010101010101010101010101010101010101010101010101010101010101010101010101010001010101010100010101010001010101010001010100010101010001010101010100010101010101010101010101010101010101010101010101010101010100010101010101010001010101010101010101010101010100010100010101
01010101010101010101010000010101010101010101010101010101010101010101010101000101010101010101010100010101010101010101010101010101010101010001000101010101010100010101010101010101000001010101000101010100010101010101010101010001010101010101010101010101010101010101010101010100010101010101010100010101010
10101010101010001010101010001010001010101010101010101010101010101010101010101010101010101010101010101010101010001010101010100010101010001010101010001010100010101010001010101010100010101010101010101010101010101010101010101010101010101010100010101010101010001010101010101010101010101010100010100010101
01010101010101010101010000010101010101010101010101010101010101010101010101000101010101010101010100010101010101010101010101010101010101010001000101010101010100010101010101010101000001010101000101010100010101010101010101010001010101010101010101010101010101010101010101010100010101010101010100010101010
10101010101010001010101010001010001010101010101010101010101010101010101010101010101010101010101010101010101010001010101010100010101010001010101010001010100010101010001010101010100010101010101010101010101010101010101010101010101010101010100010101010101010001010101010101010101010101010100010100010101
01010101010101010101010000010101010101010101010101010101010101010101010101000101010101010101010100010101010101010101010101010101010101010001000101010101010100010101010101010101000001010101000101010100010101010101010101010001010101010101010101010101010101010101010101010100010101010101010100010101010
10101010101010001010101010001010001010101010101010101010101010101010101010101010101010101010101010101010101010001010101010100010101010001010101010001010100010101010001010101010100010101010101010101010101010101010101010101010101010101010100010101010101010001010101010101010101010101010100010100010101
01010101010101010101010000010101010101010101010101010101010101010101010101000101010101010101010100010101010101010101010101010101010101010001000101010101010100010101010101010101000001010101000101010100010101010101010101010001010101010101010101010101010101010101010101010100010101010101010100010101010
10101010101010001010101010001010001010101010101010101010101010101010101010101010101010101010101010101010101010001010101010100010101010001010101010001010100010101010001010101010100010101010101010101010101010101010101010101010101010101010100010101010101010001010101010101010101010101010100010100010101
01010101010101010101010000010101010101010101010101010101010101010101010101000101010101010101010100010101010101010101010101010101010101010001000101010101010100010101010101010101000001010101000101010100010101010101010101010001010101010101010101010101010101010101010101010100010101010101010100010101010
10101010101010001010101010001010001010101010101010101010101010101010101010101010101010101010101010101010101010001010101010100010101010001010101010001010100010101010001010101010100010101010101010101010101010101010101010101010101010101010100010101010101010001010101010101010101010101010100010100010101
01010101010101010101010000010101010101010101010101010101010101010101010101000101010101010101010100010101010101010101010101010101010101010001000101010101010100010101010101010101000001010101000101010100010101010101010101010001010101010101010101010101010101010101010101010100010101010101010100010101010
10101010101010001010101010001010001010101010101010101010101010101010101010101010101010101010101010101010101010001010101010100010101010001010101010001010100010101010001010101010100010101010101010101010101010101010101010101010101010101010100010101010101010001010101010101010101010101010100010100010101
01010101010101010101010000010101010101010101010101010101010101010101010101000101010101010101010100010101010101010101010101010101010101010001000101010101010100010101010101010101000001010101000101010100010101010101010101010001010101010101010101010101010101010101010101010100010101010101010100010101010
10101010101010001010101010001010001010101010101010101010101010101010101010101010101010101010101010101010101010001010101010100010101010001010101010001010100010101010001010101010100010101010101010101010101010101010101010101010101010101010100010101010101010001010101010101010101010101010100010100010101
01010101010101010101010000010101010101010101010101010101010101010101010101000101010101010101010100010101010101010101010101010101010101010001000101010101010100010101010101010101000001010101000101010100010101010101010101010001010101010101010101010101010101010101010101010100010101010101010100010101010
10101010101010001010101010001010001010101010101010101010101010101010101010101010101010101010101010101010101010001010101010100010101010001010101010001010100010101010001010101010100010101010101010101010101010101010101010101010101010101010100010101010101010001010101010101010101010101010100010100010101
01010101010101010101010000010101010101010101010101010101010101010101010101000101010101010101010100010101010101010101010101010101010101010001000101010101010100010101010101010101000001010101000101010100010101010101010101010001010101010101010101010101010101010101010101010100010101010101010100010101010
10101010101010001010101010001010001010101010101010101010101010101010101010101010101010101010101010101010101010001010101010100010101010001010101010001010100010101010001010101010100010101010101010101010101010101010101010101010101010101010100010101010101010001010101010101010101010101010100010100010101
01010101010101010101010000010101010101010101010101010101010101010101010101000101010101010101010100010101010101010101010101010101010101010001000101010101010100010101010101010101000001010101000101010100010101010101010101010001010101010101010101010101010101010101010101010100010101010101010100010101010
10101010101010001010101010001010001010101010101010101010101010101010101010101010101010101010101010101010101010001010101010100010101010001010101010001010100010101010001010101010100010101010101010101010101010101010101010101010101010101010100010101010101010001010101010101010101010101010100010100010101
01010101010101010101010000010101010101010101010101010101010101010101010101000101010101010101010100010101010101010101010101010101010101010001000101010101010100010101010101010101000001010101000101010100010101010101010101010001010101010101010101010101010101010101010101010100010101010101010100010101010
10101010101010001010101010001010001010101010101010101010101010101010101010101010101010101010101010101010101010001010101010100010101010001010101010001010100010101010001010101010100010101010101010101010101010101010101010101010101010101010100010101010101010001010101010101010101010101010100010100010101
01010101010101010101010000010101010101010101010101010101010101010101010101000101010101010101010100010101010101010101010101010101010101010001000101010101010100010101010101010101000001010101000101010100010101010101010101010001010101010101010101010101010101010101010101010100010101010101010100010101010
10101010101010001010101010001010001010101010101010101010101010101010101010101010101010101010101010101010101010001010101010100010101010001010101010001010100010101010001010101010100010101010101010101010101010101010101010101010101010101010100010101010101010001010101010101010101010101010100010100010101
01010101010101010101010000010101010101010101010101010101010101010101010101000101010101010101010100010101010101010101010101010101010101010001000101010101010100010101010101010101000001010101000101010100010101010101010101010001010101010101010101010101010101010101010101010100010101010101010100010101010
10101010101010001010101010001010001010101010101010101010101010101010101010101010101010101010101010101010101010001010101010100010101010001010101010001010100010101010001010101010100010101010101010101010101010101010101010101010101010101010100010101010101010001010101010101010101010101010100010100010101
01010101010101010101010000010101010101010101010101010101010101010101010101000101010101010101010100010101010101010101010101010101010101010001000101010101010100010101010101010101000001010101000101010100010101010101010101010001010101010101010101010101010101010101010101010100010101010101010100010101010
10101010101010001010101010001010001010101010101010101010101010101010101010101010101010101010101010101010101010001010101010100010101010001010101010001010100010101010001010101010100010101010101010101010101010101010101010101010101010101010100010101010101010001010101010101010101010101010100010100010101
01010101010101010101010000010101010101010101010101010101010101010101010101000101010101010101010100010101010101010101010101010101010101010001000101010101010100010101010101010101000001010101000101010100010101010101010101010001010101010101010101010101010101010101010101010100010101010101010100010101010
10101010101010001010101010001010001010101010101010101010101010101010101010101010101010101010101010101010101010001010101010100010101010001010101010001010100010101010001010101010100010101010101010101010101010101010101010101010101010101010100010101010101010001010101010101010101010101010100010100010101
01010101010101010101010000010101010101010101010101010101010101010101010101000101010101010101010100010101010101010101010101010101010101010001000101010101010100010101010101010101000001010101000101010100010101010101010101010001010101010101010101010101010101010101010101010100010101010101010100010101010
10101010101010001010101010001010001010101010101010101010101010101010101010101010101010101010101010101010101010001010101010100010101010001010101010001010100010101010001010101010100010101010101010101010101010101010101010101010101010101010100010101010101010001010101010101010101010101010100010100010101
01010101010101010101010000010101010101010101010101010101010101010101010101000101010101010101010100010101010101010101010101010101010101010001000101010101010100010101010101010101000001010101000101010100010101010101010101010001010101010101010101010101010101010101010101010100010101010101010100010101010
10101010101010001010101010001010001010101010101010101010101010101010101010101010101010101010101010101010101010001010101010100010101010001010101010001010100010101010001010101010100010101010101010101010101010101010101010101010101010101010100010101010101010001010101010101010101010101010100010100010101
01010101010101010101010000010101010101010101010101010101010101010101010101000101010101010101010100010101010101010101010101010101010101010001000101010101010100010101010101010101000001010101000101010100010101010101010101010001010101010101010101010101010101010101010101010100010101010101010100010101010
10101010101010001010101010001010001010101010101010101010101010101010101010101010101010101010101010101010101010001010101010100010101010001010101010001010100010101010001010101010100010101010101010101010101010101010101010101010101010101010100010101010101010001010101010101010101010101010100010100010101
01010101010101010101010000010101010101010101010101010101010101010101010101000101010101010101010100010101010101010101010101010101010101010001000101010101010100010101010101010101000001010101000101010100010101010101010101010001010101010101010101010101010101010101010101010100010101010101010100010101010
10101010101010001010101010001010001010101010101010101010101010101010101010101010101010101010101010101010101010001010101010100010101010001010101010001010100010101010001010101010100010101010101010101010101010101010101010101010101010101010100010101010101010001010101010101010101010101010100010100010101
01010101010101010101010000010101010101010101010101010101010101010101010101000101010101010101010100010101010101010101010101010101010101010001000101010101010100010101010101010101000001010101000101010100010101010101010101010001010101010101010101010101010101010101010101010100010101010101010100010101010
10101010101010001010101010001010001010101010101010101010101010101010101010101010101010101010101010101010101010001010101010100010101010001010101010001010100010101010001010101010100010101010101010101010101010101010101010101010101010101010100010101010101010001010101010101010101010101010100010100010101
01010101010101010101010000010101010101010101010101010101010101010101010101000101010101010101010100010101010101010101010101010101010101010001000101010101010100010101010101010101000001010101000101010100010101010101010101010001010101010101010101010101010101010101010101010100010101010101010100010101010
10101010101010001010101010001010001010101010101010101010101010101010101010101010101010101010101010101010101010001010101010100010101010001010101010001010100010101010001010101010100010101010101010101010101010101010101010101010101010101010100010101010101010001010101010101010101010101010100010100010101
01010101010101010101010000010101010101010101010101010101010101010101010101000101010101010101010100010101010101010101010101010101010101010001000101010101010100010101010101010101000001010101000101010100010101010101010101010001010101010101010101010101010101010101010101010100010101010101010100010101010
10101010101010001010101010001010001010101010101010101010101010101010101010101010101010101010101010101010101010001010101010100010101010001010101010001010100010101010001010101010100010101010101010101010101010101010101010101010101010101010100010101010101010001010101010101010101010101010100010100010101
01010101010101010101010000010101010101010101010101010101010101010101010101000101010101010101010100010101010101010101010101010101010101010001000101010101010100010101010101010101000001010101000101010100010101010101010101010001010101010101010101010101010101010101010101010100010101010101010100010101010
10101010101010001010101010001010001010101010101010101010101010101010101010101010101010101010101010101010101010001010101010100010101010001010101010001010100010101010001010101010100010101010101010101010101010101010101010101010101010101010100010101010101010001010101010101010101010101010100010100010101
01010101010101010101010000010101010101010101010101010101010101010101010101000101010101010101010100010101010101010101010101010101010101010001000101010101010100010101010101010101000001010101000101010100010101010101010101010001010101010101010101010101010101010101010101010100010101010101010100010101010
10101010101010001010101010001010001010101010101010101010101010101010101010101010101010101010101010101010101010001010101010100010101010001010101010001010100010101010001010101010100010101010101010101010101010101010101010101010101010101010100010101010101010001010101010101010101010101010100010100010101
01010101010101010101010000010101010101010101010101010101010101010101010101000101010101010101010100010101010101010101010101010101010101010001000101010101010100010101010101010101000001010101000101010100010101010101010101010001010101010101010101010101010101010101010101010100010101010101010100010101010
10101010101010001010101010001010001010101010101010101010101010101010101010101010101010101010101010101010101010001010101010100010101010001010101010001010100010101010001010101010100010101010101010101010101010101010101010101010101010101010100010101010101010001010101010101010101010101010100010100010101
01010101010101010101010000010101010101010101010101010101010101010101010101000101010101010101010100010101010101010101010101010101010101010001000101010101010100010101010101010101000001010101000101010100010101010101010101010001010101010101010101010101010101010101010101010100010101010101010100010101010
10101010101010001010101010001010001010101010101010101010101010101010101010101010101010101010101010101010101010001010101010100010101010001010101010001010100010101010001010101010100010101010101010101010101010101010101010101010101010101010100010101010101010001010101010101010101010101010100010100010101
01010101010101010101010000010101010101010101010101010101010101010101010101000101010101010101010100010101010101010101010101010101010101010001000101010101010100010101010101010101000001010101000101010100010101010101010101010001010101010101010101010101010101010101010101010100010101010101010100010101010
10101010101010001010101010001010001010101010101010101010101010101010101010101010101010101010101010101010101010001010101010100010101010001010101010001010100010101010001010101010100010101010101010101010101010101010101010101010101010101010100010101010101010001010101010101010101010101010100010100010101
01010101010101010101010000010101010101010101010101010101010101010101010101000101010101010101010100010101010101010101010101010101010101010001000101010101010100010101010101010101000001010101000101010100010101010101010101010001010101010101010101010101010101010101010101010100010101010101010100010101010
10101010101010001010101010001010001010101010101010101010101010101010101010101010101010101010101010101010101010001010101010100010101010001010101010001010100010101010001010101010100010101010101010101010101010101010101010101010101010101010100010101010101010001010101010101010101010101010100010100010101
01010101010101010101010000010101010101010101010101010101010101010101010101000101010101010101010100010101010101010101010101010101010101010001000101010101010100010101010101010101000001010101000101010100010101010101010101010001010101010101010101010101010101010101010101010100010101010101010100010101010
10101010101010001010101010001010001010101010101010101010101010101010101010101010101010101010101010101010101010001010101010100010101010001010101010001010100010101010001010101010100010101010101010101010101010101010101010101010101010101010100010101010101010001010101010101010101010101010100010100010101
01010101010101010101010000010101010101010101010101010101010101010101010101000101010101010101010100010101010101010101010101010101010101010001000101010101010100010101010101010101000001010101000101010100010101010101010101010001010101010101010101010101010101010101010101010100010101010101010100010101010
10101010101010001010101010001010001010101010101010101010101010101010101010101010101010101010101010101010101010001010101010100010101010001010101010001010100010101010001010101010100010101010101010101010101010101010101010101010101010101010100010101010101010001010101010101010101010101010100010100010101
01010101010101010101010000010101010101010101010101010101010101010101010101000101010101010101010100010101010101010101010101010101010101010001000101010101010100010101010101010101000001010101000101010100010101010101010101010001010101010101010101010101010101010101010101010100010101010101010100010101010
10101010101010001010101010001010001010101010101010101010101010101010101010101010101010101010101010101010101010001010101010100010101010001010101010001010100010101010001010101010100010101010101010101010101010101010101010101010101010101010100010101010101010001010101010101010101010101010100010100010101
01010101010101010101010000010101010101010101010101010101010101010101010101000101010101010101010100010101010101010101010101010101010101010001000101010101010100010101010101010101000001010101000101010100010101010101010101010001010101010101010101010101010101010101010101010100010101010101010100010101010
10101010101010001010101010001010001010101010101010101010101010101010101010101010101010101010101010101010101010001010101010100010101010001010101010001010100010101010001010101010100010101010101010101010101010101010101010101010101010101010100010101010101010001010101010101010101010101010100010100010101
01010101010101010101010000010101010101010101010101010101010101010101010101000101010101010101010100010101010101010101010101010101010101010001000101010101010100010101010101010101000001010101000101010100010101010101010101010001010101010101010101010101010101010101010101010100010101010101010100010101010
10101010101010001010101010001010001010101010101010101010101010101010101010101010101010101010101010101010101010001010101010100010101010001010101010001010100010101010001010101010100010101010101010101010101010101010101010101010101010101010100010101010101010001010101010101010101010101010100010100010101
01010101010101010101010000010101010101010101010101010101010101010101010101000101010101010101010100010101010101010101010101010101010101010001000101010101010100010101010101010101000001010101000101010100010101010101010101010001010101010101010101010101010101010101010101010100010101010101010100010101010
10101010101010001010101010001010001010101010101010101010101010101010101010101010101010101010101010101010101010001010101010100010101010001010101010001010100010101010001010101010100010101010101010101010101010101010101010101010101010101010100010101010101010001010101010101010101010101010100010100010101
01010101010101010101010000010101010101010101010101010101010101010101010101000101010101010101010100010101010101010101010101010101010101010001000101010101010100010101010101010101000001010101000101010100010101010101010101010001010101010101010101010101010101010101010101010100010101010101010100010101010
10101010101010001010101010001010001010101010101010101010101010101010101010101010101010101010101010101010101010001010101010100010101010001010101010001010100010101010001010101010100010101010101010101010101010101010101010101010101010101010100010101010101010001010101010101010101010101010100010100010101
01010101010101010101010000010101010101010101010101010101010101010101010101000101010101010101010100010101010101010101010101010101010101010001000101010101010100010101010101010101000001010101000101010100010101010101010101010001010101010101010101010101010101010101010101010100010101010101010100010101010
10101010101010001010101010001010001010101010101010101010101010101010101010101010101010101010101010101010101010001010101010100010101010001010101010001010100010101010001010101010100010101010101010101010101010101010101010101010101010101010100010101010101010001010101010101010101010101010100010100010101
01010101010101010101010000010101010101010101010101010101010101010101010101000101010101010101010100010101010101010101010101010101010101010001000101010101010100010101010101010101000001010101000101010100010101010101010101010001010101010101010101010101010101010101010101010100010101010101010100010101010
10101010101010001010101010001010001010101010101010101010101010101010101010101010101010101010101010101010101010001010101010100010101010001010101010001010100010101010001010101010100010101010101010101010101010101010101010101010101010101010100010101010101010001010101010101010101010101010100010100010101
01010101010101010101010000010101010101010101010101010101010101010101010101000101010101010101010100010101010101010101010101010101010101010001000101010101010100010101010101010101000001010101000101010100010101010101010101010001010101010101010101010101010101010101010101010100010101010101010100010101010
10101010101010001010101010001010001010101010101010101010101010101010101010101010101010101010101010101010101010001010101010100010101010001010101010001010100010101010001010101010100010101010101010101010101010101010101010101010101010101010100010101010101010001010101010101010101010101010100010100010101
01010101010101010101010000010101010101010101010101010101010101010101010101000101010101010101010100010101010101010101010101010101010101010001000101010101010100010101010101010101000001010101000101010100010101010101010101010001010101010101010101010101010101010101010101010100010101010101010100010101010
10101010101010001010101010001010001010101010101010101010101010101010101010101010101010101010101010101010101010001010101010100010101010001010101010001010100010101010001010101010100010101010101010101010101010101010101010101010101010101010100010101010101010001010101010101010101010101010100010100010101
01010101010101010101010000010101010101010101010101010101010101010101010101000101010101010101010100010101010101010101010101010101010101010001000101010101010100010101010101010101000001010101000101010100010101010101010101010001010101010101010101010101010101010101010101010100010101010101010100010101010
10101010101010001010101010001010001010101010101010101010101010101010101010101010101010101010101010101010101010001010101010100010101010001010101010001010100010101010001010101010100010101010101010101010101010101010101010101010101010101010100010101010101010001010101010101010101010101010100010100010101
01010101010101010101010000010101010101010101010101010101010101010101010101000101010101010101010100010101010101010101010101010101010101010001000101010101010100010101010101010101000001010101000101010100010101010101010101010001010101010101010101010101010101010101010101010100010101010101010100010101010
10101010101010001010101010001010001010101010101010101010101010101010101010101010101010101010101010101010101010001010101010100010101010001010101010001010100010101010001010101010100010101010101010101010101010101010101010101010101010101010100010101010101010001010101010101010101010101010100010100010101
01010101010101010101010000010101010101010101010101010101010101010101010101000101010101010101010100010101010101010101010101010101010101010001000101010101010100010101010101010101000001010101000101010100010101010101010101010001010101010101010101010101010101010101010101010100010101010101010100010101010
10101010101010001010101010001010001010101010101010101010101010101010101010101010101010101010101010101010101010001010101010100010101010001010101010001010100010101010001010101010100010101010101010101010101010101010101010101010101010101010100010101010101010001010101010101010101010101010100010100010101
01010101010101010101010000010101010101010101010101010101010101010101010101000101010101010101010100010101010101010101010101010101010101010001000101010101010100010101010101010101000001010101000101010100010101010101010101010001010101010101010101010101010101010101010101010100010101010101010100010101010
10101010101010001010101010001010001010101010101010101010101010101010101010101010101010101010101010101010101010001010101010100010101010001010101010001010100010101010001010101010100010101010101010101010101010101010101010101010101010101010100010101010101010001010101010101010101010101010100010100010101
01010101010101010101010000010101010101010101010101010101010101010101010101000101010101010101010100010101010101010101010101010101010101010001000101010101010100010101010101010101000001010101000101010100010101010101010101010001010101010101010101010101010101010101010101010100010101010101010100010101010
10101010101010001010101010001010001010101010101010101010101010101010101010101010101010101010101010101010101010001010101010100010101010001010101010001010100010101010001010101010100010101010101010101010101010101010101010101010101010101010100010101010101010001010101010101010101010101010100010100010101
01010101010101010101010000010101010101010101010101010101010101010101010101000101010101010101010100010101010101010101010101010101010101010001000101010101010100010101010101010101000001010101000101010100010101010101010101010001010101010101010101010101010101010101010101010100010101010101010100010101010
10101010101010001010101010001010001010101010101010101010101010101010101010101010101010101010101010101010101010001010101010100010101010001010101010001010100010101010001010101010100010101010101010101010101010101010101010101010101010101010100010101010101010001010101010101010101010101010100010100010101
01010101010101010101010000010101010101010101010101010101010101010101010101000101010101010101010100010101010101010101010101010101010101010001000101010101010100010101010101010101000001010101000101010100010101010101010101010001010101010101010101010101010101010101010101010100010101010101010100010101010
10101010101010001010101010001010001010101010101010101010101010101010101010101010101010101010101010101010101010001010101010100010101010001010101010001010100010101010001010101010100010101010101010101010101010101010101010101010101010101010100010101010101010001010101010101010101010101010100010100010101
01010101010101010101010000010101010101010101010101010101010101010101010101000101010101010101010100010101010101010101010101010101010101010001000101010101010100010101010101010101000001010101000101010100010101010101010101010001010101010101010101010101010101010101010101010100010101010101010100010101010
10101010101010001010101010001010001010101010101010101010101010101010101010101010101010101010101010101010101010001010101010100010101010001010101010001010100010101010001010101010100010101010101010101010101010101010101010101010101010101010100010101010101010001010101010101010101010101010100010100010101
01010101010101010101010000010101010101010101010101010101010101010101010101000101010101010101010100010101010101010101010101010101010101010001000101010101010100010101010101010101000001010101000101010100010101010101010101010001010101010101010101010101010101010101010101010100010101010101010100010101010
10101010101010001010101010001010001010101010101010101010101010101010101010101010101010101010101010101010101010001010101010100010101010001010101010001010100010101010001010101010100010101010101010101010101010101010101010101010101010101010100010101010101010001010101010101010101010101010100010100010101
01010101010101010101010000010101010101010101010101010101010101010101010101000101010101010101010100010101010101010101010101010101010101010001000101010101010100010101010101010101000001010101000101010100010101010101010101010001010101010101010101010101010101010101010101010100010101010101010100010101010
10101010101010001010101010001010001010101010101010101010101010101010101010101010101010101010101010101010101010001010101010100010101010001010101010001010100010101010001010101010100010101010101010101010101010101010101010101010101010101010100010101010101010001010101010101010101010101010100010100010101
01010101010101010101010000010101010101010101010101010101010101010101010101000101010101010101010100010101010101010101010101010101010101010001000101010101010100010101010101010101000001010101000101010100010101010101010101010001010101010101010101010101010101010101010101010100010101010101010100010101010
10101010101010001010101010001010001010101010101010101010101010101010101010101010101010101010101010101010101010001010101010100010101010001010101010001010100010101010001010101010100010101010101010101010101010101010101010101010101010101010100010101010101010001010101010101010101010101010100010100010101
01010101010101010101010000010101010101010101010101010101010101010101010101000101010101010101010100010101010101010101010101010101010101010001000101010101010100010101010101010101000001010101000101010100010101010101010101010001010101010101010101010101010101010101010101010100010101010101010100010101010
10101010101010001010101010001010001010101010101010101010101010101010101010101010101010101010101010101010101010001010101010100010101010001010101010001010100010101010001010101010100010101010101010101010101010101010101010101010101010101010100010101010101010001010101010101010101010101010100010100010101
01010101010101010101010000010101010101010101010101010101010101010101010101000101010101010101010100010101010101010101010101010101010101010001000101010101010100010101010101010101000001010101000101010100010101010101010101010001010101010101010101010101010101010101010101010100010101010101010100010101010
10101010101010001010101010001010001010101010101010101010101010101010101010101010101010101010101010101010101010001010101010100010101010001010101010001010100010101010001010101010100010101010101010101010101010101010101010101010101010101010100010101010101010001010101010101010101010101010100010100010101
01010101010101010101010000010101010101010101010101010101010101010101010101000101010101010101010100010101010101010101010101010101010101010001000101010101010100010101010101010101000001010101000101010100010101010101010101010001010101010101010101010101010101010101010101010100010101010101010100010101010
10101010101010001010101010001010001010101010101010101010101010101010101010101010101010101010101010101010101010001010101010100010101010001010101010001010100010101010001010101010100010101010101010101010101010101010101010101010101010101010100010101010101010001010101010101010101010101010100010100010101
01010101010101010101010000010101010101010101010101010101010101010101010101000101010101010101010100010101010101010101010101010101010101010001000101010101010100010101010101010101000001010101000101010100010101010101010101010001010101010101010101010101010101010101010101010100010101010101010100010101010
10101010101010001010101010001010001010101010101010101010101010101010101010101010101010101010101010101010101010001010101010100010101010001010101010001010100010101010001010101010100010101010101010101010101010101010101010101010101010101010100010101010101010001010101010101010101010101010100010100010101
01010101010101010101010000010101010101010101010101010101010101010101010101000101010101010101010100010101010101010101010101010101010101010001000101010101010100010101010101010101000001010101000101010100010101010101010101010001010101010101010101010101010101010101010101010100010101010101010100010101010
10101010101010001010101010001010001010101010101010101010101010101010101010101010101010101010101010101010101010001010101010100010101010001010101010001010100010101010001010101010100010101010101010101010101010101010101010101010101010101010100010101010101010001010101010101010101010101010100010100010101
01010101010101010101010000010101010101010101010101010101010101010101010101000101010101010101010100010101010101010101010101010101010101010001000101010101010100010101010101010101000001010101000101010100010101010101010101010001010101010101010101010101010101010101010101010100010101010101010100010101010
10101010101010001010101010001010001010101010101010101010101010101010101010101010101010101010101010101010101010001010101010100010101010001010101010001010100010101010001010101010100010101010101010101010101010101010101010101010101010101010100010101010101010001010101010101010101010101010100010100010101
01010101010101010101010000010101010101010101010101010101010101010101010101000101010101010101010100010101010101010101010101010101010101010001000101010101010100010101010101010101000001010101000101010100010101010101010101010001010101010101010101010101010101010101010101010100010101010101010100010101010
10101010101010001010101010001010001010101010101010101010101010101010101010101010101010101010101010101010101010001010101010100010101010001010101010001010100010101010001010101010100010101010101010101010101010101010101010101010101010101010100010101010101010001010101010101010101010101010100010100010101
01010101010101010101010000010101010101010101010101010101010101010101010101000101010101010101010100010101010101010101010101010101010101010001000101010101010100010101010101010101000001010101000101010100010101010101010101010001010101010101010101010101010101010101010101010100010101010101010100010101010
10101010101010001010101010001010001010101010101010101010101010101010101010101010101010101010101010101010101010001010101010100010101010001010101010001010100010101010001010101010100010101010101010101010101010101010101010101010101010101010100010101010101010001010101010101010101010101010100010100010101
01010101010101010101010000010101010101010101010101010101010101010101010101000101010101010101010100010101010101010101010101010101010101010001000101010101010100010101010101010101000001010101000101010100010101010101010101010001010101010101010101010101010101010101010101010100010101010101010100010101010
10101010101010001010101010001010001010101010101010101010101010101010101010101010101010101010101010101010101010001010101010100010101010001010101010001010100010101010001010101010100010101010101010101010101010101010101010101010101010101010100010101010101010001010101010101010101010101010100010100010101
01010101010101010101010000010101010101010101010101010101010101010101010101000101010101010101010100010101010101010101010101010101010101010001000101010101010100010101010101010101000001010101000101010100010101010101010101010001010101010101010101010101010101010101010101010100010101010101010100010101010
10101010101010001010101010001010001010101010101010101010101010101010101010101010101010101010101010101010101010001010101010100010101010001010101010001010100010101010001010101010100010101010101010101010101010101010101010101010101010101010100010101010101010001010101010101010101010101010100010100010101
01010101010101010101010000010101010101010101010101010101010101010101010101000101010101010101010100010101010101010101010101010101010101010001000101010101010100010101010101010101000001010101000101010100010101010101010101010001010101010101010101010101010101010101010101010100010101010101010100010101010
10101010101010001010101010001010001010101010101010101010101010101010101010101010101010101010101010101010101010001010101010100010101010001010101010001010100010101010001010101010100010101010101010101010101010101010101010101010101010101010100010101010101010001010101010101010101010101010100010100010101
01010101010101010101010000010101010101010101010101010101010101010101010101000101010101010101010100010101010101010101010101010101010101010001000101010101010100010101010101010101000001010101000101010100010101010101010101010001010101010101010101010101010101010101010101010100010101010101010100010101010
10101010101010001010101010001010001010101010101010101010101010101010101010101010101010101010101010101010101010001010101010100010101010001010101010001010100010101010001010101010100010101010101010101010101010101010101010101010101010101010100010101010101010001010101010101010101010101010100010100010101
01010101010101010101010000010101010101010101010101010101010101010101010101000101010101010101010100010101010101010101010101010101010101010001000101010101010100010101010101010101000001010101000101010100010101010101010101010001010101010101010101010101010101010101010101010100010101010101010100010101010
10101010101010001010101010001010001010101010101010101010101010101010101010101010101010101010101010101010101010001010101010100010101010001010101010001010100010101010001010101010100010101010101010101010101010101010101010101010101010101010100010101010101010001010101010101010101010101010100010100010101
01010101010101010101010000010101010101010101010101010101010101010101010101000101010101010101010100010101010101010101010101010101010101010001000101010101010100010101010101010101000001010101000101010100010101010101010101010001010101010101010101010101010101010101010101010100010101010101010100010101010
10101010101010001010101010001010001010101010101010101010101010101010101010101010101010101010101010101010101010001010101010100010101010001010101010001010100010101010001010101010100010101010101010101010101010101010101010101010101010101010100010101010101010001010101010101010101010101010100010100010101
01010101010101010101010000010101010101010101010101010101010101010101010101000101010101010101010100010101010101010101010101010101010101010001000101010101010100010101010101010101000001010101000101010100010101010101010101010001010101010101010101010101010101010101010101010100010101010101010100010101010
10101010101010001010101010001010001010101010101010101010101010101010101010101010101010101010101010101010101010001010101010100010101010001010101010001010100010101010001010101010100010101010101010101010101010101010101010101010101010101010100010101010101010001010101010101010101010101010100010100010101
01010101010101010101010000010101010101010101010101010101010101010101010101000101010101010101010100010101010101010101010101010101010101010001000101010101010100010101010101010101000001010101000101010100010101010101010101010001010101010101010101010101010101010101010101010100010101010101010100010101010
10101010101010001010101010001010001010101010101010101010101010101010101010101010101010101010101010101010101010001010101010100010101010001010101010001010100010101010001010101010100010101010101010101010101010101010101010101010101010101010100010101010101010001010101010101010101010101010100010100010101
01010101010101010101010000010101010101010101010101010101010101010101010101000101010101010101010100010101010101010101010101010101010101010001000101010101010100010101010101010101000001010101000101010100010101010101010101010001010101010101010101010101010101010101010101010100010101010101010100010101010
10101010101010001010101010001010001010101010101010101010101010101010101010101010101010101010101010101010101010001010101010100010101010001010101010001010100010101010001010101010100010101010101010101010101010101010101010101010101010101010100010101010101010001010101010101010101010101010100010100010101
01010101010101010101010000010101010101010101010101010101010101010101010101000101010101010101010100010101010101010101010101010101010101010001000101010101010100010101010101010101000001010101000101010100010101010101010101010001010101010101010101010101010101010101010101010100010101010101010100010101010
10101010101010001010101010001010001010101010101010101010101010101010101010101010101010101010101010101010101010001010101010100010101010001010101010001010100010101010001010101010100010101010101010101010101010101010101010101010101010101010100010101010101010001010101010101010101010101010100010100010101
01010101010101010101010000010101010101010101010101010101010101010101010101000101010101010101010100010101010101010101010101010101010101010001000101010101010100010101010101010101000001010101000101010100010101010101010101010001010101010101010101010101010101010101010101010100010101010101010100010101010
10101010101010001010101010001010001010101010101010101010101010101010101010101010101010101010101010101010101010001010101010100010101010001010101010001010100010101010001010101010100010101010101010101010101010101010101010101010101010101010100010101010101010001010101010101010101010101010100010100010101
01010101010101010101010000010101010101010101010101010101010101010101010101000101010101010101010100010101010101010101010101010101010101010001000101010101010100010101010101010101000001010101000101010100010101010101010101010001010101010101010101010101010101010101010101010100010101010101010100010101010
10101010101010001010101010001010001010101010101010101010101010101010101010101010101010101010101010101010101010001010101010100010101010001010101010001010100010101010001010101010100010101010101010101010101010101010101010101010101010101010100010101010101010001010101010101010101010101010100010100010101
01010101010101010101010000010101010101010101010101010101010101010101010101000101010101010101010100010101010101010101010101010101010101010001000101010101010100010101010101010101000001010101000101010100010101010101010101010001010101010101010101010101010101010101010101010100010101010101010100010101010
10101010101010001010101010001010001010101010101010101010101010101010101010101010101010101010101010101010101010001010101010100010101010001010101010001010100010101010001010101010100010101010101010101010101010101010101010101010101010101010100010101010101010001010101010101010101010101010100010100010101
01010101010101010101010000010101010101010101010101010101010101010101010101000101010101010101010100010101010101010101010101010101010101010001000101010101010100010101010101010101000001010101000101010100010101010101010101010001010101010101010101010101010101010101010101010100010101010101010100010101010
10101010101010001010101010001010001010101010101010101010101010101010101010101010101010101010101010101010101010001010101010100010101010001010101010001010100010101010001010101010100010101010101010101010101010101010101010101010101010101010100010101010101010001010101010101010101010101010100010100010101
01010101010101010101010000010101010101010101010101010101010101010101010101000101010101010101010100010101010101010101010101010101010101010001000101010101010100010101010101010101000001010101000101010100010101010101010101010001010101010101010101010101010101010101010101010100010101010101010100010101010
10101010101010001010101010001010001010101010101010101010101010101010101010101010101010101010101010101010101010001010101010100010101010001010101010001010100010101010001010101010100010101010101010101010101010101010101010101010101010101010100010101010101010001010101010101010101010101010100010100010101
01010101010101010101010000010101010101010101010101010101010101010101010101000101010101010101010100010101010101010101010101010101010101010001000101010101010100010101010101010101000001010101000101010100010101010101010101010001010101010101010101010101010101010101010101010100010101010101010100010101010
10101010101010001010101010001010001010101010101010101010101010101010101010101010101010101010101010101010101010001010101010100010101010001010101010001010100010101010001010101010100010101010101010101010101010101010101010101010101010101010100010101010101010001010101010101010101010101010100010100010101
01010101010101010101010000010101010101010101010101010101010101010101010101000101010101010101010100010101010101010101010101010101010101010001000101010101010100010101010101010101000001010101000101010100010101010101010101010001010101010101010101010101010101010101010101010100010101010101010100010101010
10101010101010001010101010001010001010101010101010101010101010101010101010101010101010101010101010101010101010001010101010100010101010001010101010001010100010101010001010101010100010101010101010101010101010101010101010101010101010101010100010101010101010001010101010101010101010101010100010100010101
01010101010101010101010000010101010101010101010101010101010101010101010101000101010101010101010100010101010101010101010101010101010101010001000101010101010100010101010101010101000001010101000101010100010101010101010101010001010101010101010101010101010101010101010101010100010101010101010100010101010
10101010101010001010101010001010001010101010101010101010101010101010101010101010101010101010101010101010101010001010101010100010101010001010101010001010100010101010001010101010100010101010101010101010101010101010101010101010101010101010100010101010101010001010101010101010101010101010100010100010101
01010101010101010101010000010101000101010101010101010101010101010101010101000101010101010101010100010101010101010101010101010101010101010001000101010101010100010101010101010101000001010101000101010100010101010101010101010001010101010101010101010101010101010101010101010100010101010101010100010101010
10101010001010001010101010001010001010101010101010101010101010101010101010101010101010101010101010101010101010001010101010100010101010001010100010001010100010101010001010101010000010101010101010101010101010101010101010101010101010101010100010101010101010001010101010101010101010101010100010100010101
01010101010101010101010000010101000101010101010101010101010101010101010101000101010101010101010100010101010101010101010101010101010101010001000101010101010100010101010101010101000001010101000101010100010101010101010101010001010101010101010101010101010101010101010101010100010101010101010100010101010
10101010001010001010101010001010001010101010101010101010101010101010101010101010101010101010101010101010101010001010101010100010101010001010100010001010100010101010001010101010000010101010101010101010101010101010101010101010101010101010100010101010101010001010101010101010101010101010100010100010101
01010101010101010101010000010101000101010101010101010101010101010101010101000101010101010101010100010101010101010101010101010100010101000001000101010101010100010101010101010101000001010101000101010100010101010101010101010001010101010101010101010101010101010101010101010100010101010101010100010101010
10101010000010001010101010001010001010101010101000101010101010101010101010101010101010101010101010101010101010001010101010100010101010001010100010001010100010101010001010101010000010101010101010101010101010101010101010101010101010101010100010100010101010001010101010101010101010101010100010100010101
01010101010101010101010000010101000101010101010101010101010101010101010101000101010101010101010100010101010101010101010101010100010101000001000101010101010100010101010101010101000001010101000101010100010101010101010101010001010101010101010101010101010101010101010101010100010101010101010100010101010
10101010000010001010101010001010001010101010101000101010101010101010101010101010101010001010101010101010101010001010101010100010101010001010100010001010100010101010001010101010000010101010101010100010101010101010101010101010101010101010100010100010101010001010101010101010101010101010100010100010101
01010101010101010101010000010101000101010101010101010101010101010101010101000101010101010101010100010101010101010101010101010100010101000001000101010101010100010101010101010101000001010101000101010100010101010101010101010001010101010101010101010101010101010101010101010100010101010101010100010101010
10101010000010001010101010001010001010101010101000101010101010101010101010101010100010001010101010101010101010001010101010100010101010001010100010001010100010101010001010101010000010101010101010100010101010101010101010101010101010101010100010100010101010001010101010101010101010101010100010100010101
01010101010101010101010000010101000101010101010101010101010101010101010101000101010101010101010100010101010101010101010101010100010101000000000101010101010100010101010101010101000001010101000101010100010101010101010101010001010101010101010101010101010101010101010101010100010101010101010100010101010
10101010000010001010101010001010001010101010101000100010101010101010101010101010100010001010101010101010101010001010101010100010101010001010100010001010100010101010001010101010000010101010101010100010101010101010101010101010101010101010100010100010101010001010101010101010101010101010100010100010101
01010101010101010101010000010101000101010101010101010101010101010101010101000101010101010101010100010101010101010101010101010100010001000000000101010101010100010101010101010101000001010101000101010100010101010101010101010001010101010101010101010101010101010101010101010100010101010101010100010101010
10101010000010001010100010001010001010101010101000100010101010101010101010101010100010001010101010101010101010001010101010100010101010001010100010001010100010101010001010101010000010101010101010100010101010101010101010101010101010101010100010100010101010001010101010101010101010101000100010100010101
01010101010101010101010000010101000101010101010101010101010101010101010101000101010101010101010100010101010101010101010101010100010001000000000101010101010100010101010101010101000001010101000101010100010001010101010101010001010100010101010101010101010101010101010101010100010101010101010100010101010
10101010000010001010100010001010001010101010101000100010101010101010101010101010100010001010001010101010101010001010101010100010101010001010100010001010100010101010001010101010000010101010101010100010101010101010101010101010101010101010100010100010101010001010101010101010101010101000100010100010101
01010101010101010101010000010101000101010101010101010101010101010101010101000100010101010101010100010101010101010101010101010100010001000000000101010101010100010101000101010101000001010101000101010100010001010101010101010001010100010101010101010101010101010101010100010100010101010101010100010101010
10101010000010001010100010001010001010101010101000100010101010101010101010101010100010001010001010101010101010001010101010100010101010001010100010001010100010101010001010101010000010101010101010100010101010101010101010101010101010101010100010100010101010001010101010101010101010101000100010100010101
01010101010101010101010000010101000101010101010101010101010101010101010101000100010101010101010100010101000101010101010101010100010001000000000101010101010100010101000101010101000001010101000101010100010001010101010101010001010100010101010101010101010101010101010100000100000101010101010100010101010
10101010000010001010100010001010001010101010101000100010101010101010101010101010100010001010001010101010101010001010101010100010101010001010100010001010100010101010001010101010000010101010101010100010101010101010101010101010101010101010100010100010101010001010101010101010101010101000100010100010101
01010101010101010101010000010101000101010101010101000101010101010101010101000100010101010101010100010101000101010101010101010100010001000000000101010101010100010101000101010101000001010101000101010100010001010101010101010001010100010101010101010101010101010101010100000100000101010101010100010101010
10101010000010001010100010001010001010101010101000100010101010101010101010101010100010001010001010101010101010001010101010100010101010001010100010001010100010101010001010101010000010101010101010100010101010101010001010101010101010101010100010100010101010001000101010101010101010101000100010100010101
01010101010101010101010000010101000101010101010101000101000101010101010101000100010101010101010100010101000101010101010101010100010001000000000101010101010100010101000101010101000001010101000101010100010001010101010101010001010100010101010101010101010101010101010100000100000101010101010100010101010
10101010000010001010100010001010001010101010101000100010101010101010101010101010100010001010001010101010101010001010101010100010101010001010100010001010100010101010001010101010000010101010101010100010101010101010001010101010101010101010100010100010101010001000101010101010101010101000100010100010101
01010101010101010101010000010101000101010101010101000101000101010101010101000100010101010101010100010101000101010101010101010100010001000000000101010101010100010101000101000101000001010101000101010100010001010101010101010001010100010101010101010101010101000101010100000100000101010101010100010101010
10101010000010001010100010001010001010101010101000100010101010101010101010101010100010001010001010101010101010001010101010100010101010001010100010001010100010101010001010101010000010101010101010100010101010101010001010101010101010101010100010100010101010001000101010101010101010101000100010100010101
01010101010101010101010000010101000101010101010101000101000101010101010101000100010101010101010100010101000101010101010101010100010001000000000001010101010100010101000101000101000001010101000101010100010001010101010101000001010100010101010101010101010101000101010100000100000101010101010100010101010
10101010000010001010100010001010001010101010101000100010101010101010101010101010100010001010001010101010101010001010101010100010101010001010100010001010100010101010001010101010000010101010101010100010101010101010001010101010101010101010100010100010101010001000101010101010101010101000100010100010101
01010101010101010101010000010101000101010101010101000101000101010101010101000100010101010101010100010101000101010101010101010100010001000000000001010101010100010101000100000101000001010101000101010100010001010101010101000001010100010101010101010101010101000101010100000100000101010101010100010101010
10101010000010001010000010001010001010101010101000100010101010101010101010101010100010001010001010101010101010001010101010100010101010001010100010001010100010101010001010101010000010101010101010100010101010101010001010101010101010101010100010100010101010001000101010101010101010101000100010100010101
01010101010101010101010000010101000101010101010101000101000101010101000101000100010101010101010100010101000101010101010101010100010001000000000001010101010100010101000100000101000001010101000101010100010001010101010101000001010100010101010101010101010101000101010100000100000101010101010100010101010
10101010000010001010000010001010001010101010101000100010101010101010101010101010100010001010000010101010101010000010101010100010101010001010100010001010100010101010001010101010000010101010101010100010101010101010001010101010101010101010100010100010101010001000101010101010101010101000100010100010101
01010101010101010101010000010101000101010101010101000101000101010101000101000100010101010101010100010101000101010101000101010100010001000000000001010101010100010101000100000101000001010101000101010100010001010101010101000001010100010101010101010101010101000101010100000100000101010101010100010101010
10101010000010001010000010000010001010101010101000100010101010101010101010101010100010001010000010101010101010000010101010100010101010001010100010001010100010101010001010101010000010101010101010100010101010101010001010101010101010101010100010100010101010001000101010101010101010101000100010100010101
01010101010101010101010000010101000101010101010101000101000101010101000101000100010101010101010100010101000101010101000101010100010001000000000001010101010100010101000100000100000001010101000101010100010001010101010101000001010100010101010101010101010101000101010100000100000101010101010100010101010
10101010000010001010000010000010001010101010101000100010101010101010101010101010100010001010000010101010101010000010101010100010101010001010100010001010100010101010001010100010000010101010101010100010100010101010001010101010101010101010100010100010101010001000101010101010101010101000100010100010101
01010101010101010101010000010101000100010101010101000101000101000001000101000100010001010101010100010101000101010101000101010100010001000000000001000101010100010101000100000100000001010101000101010100010001010101010101000001010100010101010101010101010101000101010100000100000101010101010100010101010
10101010000010001010000010000010001010101010101000100010101010101010101010101010100010001010000010101010101010000010101010100010101010001010100010001010100010101010001010100010000010101010101010100010100010101010001010101010101010101010100010100010101010001000101010101010101010101000100010100010101
01010101010101010101010000010101000100010101010101000100000101000001000101000100010001010101010100010101000101010101000101010100010001000000000001000101010100010101000100000100000001010101000101010100010001010101010101000001010100010101010101010101010101000101010100000100000101010101010100010101010
10101010000010001010000010000010001010101010101000100010101010101010101010101010100010001010000010101010101010000010101010100010101010001010100010001010100010101010001010100010000010101010101010100010100010101010001010101010101010101010100010100010101010001000101010101010101010101000100010000010101
01010101010101010101010000010101000100010101010101000100000101000001000101000100010001010101010100010101000101010101000101010100010001000000000001000101010100010101000100000100000001010101000101010100010001010101010101000001010100010101010101010101010101000101010100000100000101010101010100010101010
10101010000010001010000010000010001010101010101000100010101010101010101010101010100010001010000010101010101010000010101010100010101010001010100010001010000010101010001010100010000010101010101010100010100010101010001010101010101010101010100010100010101010001000101010101010101010101000100010000010101
01010101010101010101010000010101000100010101010101000100000101000001000100000100010001010101010100010101000101010101000101010100010001000000000001000101010100010101000100000100000001010101000101010100010001010001010101000001010100010101010101010101010101000101010100000100000101010101010100010101010
10101010000010001010000010000010001010101010101000100010101010101010101010101010100010001010000010101010101010000010101010100010101010001010100010001010000010101010001010100010000010101010101010100010100010101010001010101010101010101010100010100010101010001000101010101010101010101000100010000010101
01010101010101010101010000010101000100010101010101000100000101000001000100000100010001010100010100010101000101010101000101010100010001000000000001000101010100010101000100000100000001010101000101010100010001010001010101000001010100010101010101010101010101000101010100000100000101010101010100010101010
10101010000010001010000010000010001010101010101000100010101010101010101010101010100010001010000010101010101010000000101010100010101010001010100010001010000010101010001010100010000010101010101010100010100010101010001010101010101010101010100010100010101010001000101010101010101010101000100010000010101
01010101010101010101010000010101000100010101010101000100000101000001000100000100010001010100010100010101000101010101000101010100010001000000000001000101010100010101000100000100000001010101000101010100010001010001010101000001010100010101010101010101010101000101010100000100000101010101010100010101010
10101010000010001010000010000010001010101010101000100010101010101010101010101010100000001010000010101010101010000000101010100010101010001010100010000010000010101010001010100010000010101010101010100010100000101010001010101010101010101010100010100010101010001000101010101010101010101000100010000010101
01010101010101010101010000010101000100010101010101000100000101000001000100000100010001010100010100010101000101010101000101010100010001000000000001000101010100010101000100000100000001010101000101010100010001010001010101000001010100010101010101010101010101000101010100000100000101010101010100010101010
10101010000010001010000010000010001010101000101000100010101010101010101010101010100000001010000010101010101010000000101010100010101010001010100010000010000010101010001010100010000010101010101010100010100000101010001010101010101010101010100010100010101010001000101010101010101010101000100010000010101
01010101010101010101010000010001000100010101010101000100000101000001000100000100010001010100010100010101000101010101000101010100010001000000000001000101010100010101000100000100000001010101000101010100010001010001010101000001010100010101010101010101010101000101010100000100000101010101010100010101010
10101010000010001010000010000010001010101000101000100010101010101010101010101010100000001010000010101010101010000000101010100010101010001010100010000010000010101010001010100010000010101010001010100010100000101010001010101010101010101010100010100010101010001000101010101010101010101000100010000010101
01010101010101010101010000010001000100010101010101000100000101000001000100000100010001010100010100010101000101010101000101010100010001000000000001000101010100010101000100000100000001010101000101010100010001010001010101000001010100010101010101010101010101000101010100000100000101010101010100010101010
10101010000010001010000010000010001010101000101000100010101010101010101010101010100000001010000010101010101010000000101010100010101010001010100010000010000010101010000010100010000010101010001010100010100000101010001010101010101010101010100010100010101010001000101010101010101010101000100010000010101
01010101010101010101010000010001000100010101010101000100000101000001000100000100010001010100000100010101000101010101000101010100010001000000000001000101010100010101000100000100000000010101000101010100010001010001010101000001010100010101010101010101010101000101010100000100000101010101010100010101010
10101010000010001010000010000010001010101000101000100010101010101010101010101010100000001010000010101010101010000000101010100010101010001010100010000010000010101010000010100010000010101010001010100010100000101010001010101010101010101010100010100010101010001000101010101010101010101000100010000010101
01010101010101010100010000010001000100010101010101000100000101000001000100000100010001010100000100010101000101010101000101010100010001000000000001000101010100010001000100000100000000010101000101010100010001010001010101000001010100010101010101010001010101000101010100000100000101010101010100010101010
10101010000010001010000010000010001010101000101000000000101010101010101010101010100000001010000010101010101000000000101010100010101010001010100010000010000010101010000010100010000010101010001010100010000000101010001010101010101010101010100010100010101010001000101010101010101010101000100010000010101
01010101010101010100010000010001000100010101010101000100000101000001000100000100010001010100000100010101000101010101000101010100010001000000000001000101010100010001000100000100000000010001000101010100010001010001010101000000010100010101010101010001010101000101010100000100000101010101010100010101010
10101010000010001010000010000010001010101000101000000000101010101010101010101010100000001010000010101010101000000000101010100010101010001010100010000010000010101010000010100010000010101010001010100010000000101010001010101010101010101010100010100010101010001000101010101010101010101000100010000010101
01010101010101010100010000010001000100010101010101000100000101000001000100000100010001010100000100010101000101010101000101010100010001000000000001000101010100010001000100000100000000010001000101010100010001010001010101000000010100010101010101010001010101000101010100000100000101010101010100010101010
10101010000010001010000010000010001010101000101000000000101010101010101010101010100000001010000010101010101000000000101010100010101010001010100010000010000010101010000010100010000010101010001010100010000000101010001010101010101010101010100010100010101010001000101010101010101010101000100010000010101
01010101010101010100010000010001000100010101010101000100000101000001000100000100010001010100000100010101000101010101000101010100010001000000000001000101010100010001000100000100000000010001000101010100010001010001010101000000010100010101010101010001010101000101010100000100000101010101010100010101010
10101010000010001010000010000010001010101000101000000000101010101010001010101010100000001010000010101010101000000000101010100010101010001010100010000010000010101010000010100010000010101010001010100010000000101010001010101010101010101010100010100010101010001000101010101010101010101000100010000010101
01010101010101010100010000010001000100010101010101000100000101000001000100000100010001010100000100010101000100010101000101010100010001000000000001000101010100010001000100000100000000010001000101010100010001010001010101000000010100010101010101010001010101000101010100000100000101010100010100010101010
10101010000010001010000010000010001010101000101000000000101010101010001010101010100000001010000010101010101000000000101010100010101010001010100010000010000010101010000010100010000010101010001010100010000000101010001010101010101010101010100010100010101010001000101010001010101010101000100010000010101
01010101010101010100010000010001000100010101010101000100000101000001000100000100010001010100000100010101000100010101000101010100010001000000000001000101010100010001000100000100000000010001000101010100010001010001010101000000010100010101010101010001010101000101010100000100000101010100010100010101010
10100010000010001010000010000010001010101000101000000000101010101010001010101010100000001010000010101010101000000000101010100010101010001010100010000010000010101010000010100010000010101010001010100010000000101010001010101010101010101010100010100010101010001000101010001010101010101000100010000010101
01010101010101010100010000010001000100010101010101000100000101000001000100000100010001010100000100010101000100010101000101010100000001000000000001000101010100010001000100000100000000010001000101010100010001010001010101000000010100010101010101010001010101000101010100000100000101010100010100010101010
10100010000010001010000010000010001010101000101000000000101010101010001010100010100000001010000010101010101000000000101010100010101010001010100010000010000010101010000010100010000010101010001010100010000000101010001010101010101010101010100010100010101010001000101010001010101010101000100010000010101
01010101010101010100010000010001000100010101010101000100000101000001000100000100010001010100000100010101000100010101000101010100000001000000000001000101010100010001000100000100000000010001000101010100010001010001010101000000010100010101010101010001010101000101010100000100000101010100010100010101010
10100010000010001010000010000010001010101000101000000000101010101010001010100010100000001010000010101010101000000000101010100010101010001010100010000010000010101010000010100010000010101010001010100010000000101010001010101010101010101010100010100010101010001000101010001010101010101000100010000010101
01010101010101010100010000010001000100010101010101000100000101000001000100000100010001010100000100010101000100010101000101010100000000000000000001000001010100010001000100000100000000010001000101010100010001010001010101000000010100010101010101010001010101000101010100000100000101010100010100010001010
10100010000010000010000010000010001010101000101000000000101010101010001010100010100000001010000010101010101000000000101010100010101010001010100010000010000010101010000010100010000010101010001010100010000000101010001010101010101010101010100010100010101010001000101010001010101010101000100010000010101
01010101010101010100010000010001000100010101010101000000000101000001000100000100010001010100000100010101000100010101000101010100000000000000000001000001010100010001000100000100000000010001000101000100010001010001010101000000010100010101010101010001010101000101010100000100000101010100010100010001010
10100010000010000010000010000010001010101000101000000000101010101010001010100010100000001010000010101010101000000000101010100010101010001010100010000010000010101010000010100010000010101010001010100010000000101010001010101010101010101010100010100010100010001000101010001010101010101000100010000010101
01010101010101010100010000010001000100010101010101000000000101000001000100000100010001010100000100010101000100010101000101010100000000000000000001000001010100010001000100000100000000010001000101000100010001010001010101000000010000010101010101010001010101000101010100000100000101010100010100010001010
10100010000010000010000010000010001010101000101000000000101010101010001010100010100000001010000010101010101000000000101010100010101010001010100010000010000010001010000010100010000010101010001010100010000000101010001010101010100010101010100010100010100010001000101010001010101010101000100010000010101
