Yes
100100100100100100100100100100100100100100100100100100100100100100100100100100100100100100100100100100100100100100100100100100100100100100100100100100100100100100100100100100100100100100100100100100100100100100100100101
010010010010010010010010010010010010010010010010010010010010010010010010010010010010010010010010010010010010010010010010010010010010010010010010010010010010010010010010010010010010010010010010010010010010010010010010010
100100100100100100100100100100100100100100100100100100100100100100100100100100100100100100100100100100100100100100100100100100100100100100100100100100100100100100100100100100100100100100100100100100100100100100100100101
010010010010010010010010010010010010010010010010010010010010010010010010010010010010010010010010010010010010010010010010010010010010001001010010010010010010001010010010010010010010010010010010010010010010010010010010010
100100100100100100100100100100100100100100100100100100100100100100100100100100100100100100100100100100100100100100100100100100100100100100100100100100100100100100100100100100100100100100100100100100100100100100100100100
010010010010010010010010010010010010010010010010010010010010010010010010010010010010010010010010010010010010010010010010010010010010001001010010010010010010001010001010010010010010010010010010010010010010010010010010010
100100100100100100100100100100100100100100100100100100100100100100100100100100100100100100100100100100100100100100100100100100100100100100100100100100100100100100100100100100100100100100100100100100100100100100100100100
010010010010010010010010010010010010010010010010010010010010010010010010010010010010010010010010010010010010010010010010010010010010001001010010010010010010001001001010010010010010010010010010010010010010010010010010010
100100100100100100100100100100100100100100100100100100100100100100100100100100100100100100100100100100100100100100100100100100100100100100100100100100100100100100100100100100100100100100100100100100100100100100100100100
010010010010010010010010010010010010010010010010010010010010010010010010010010010010010010010010010010010010010010010010010010010010001001010010010010010010001001001010010010010010010010010010010010010010010010010010010
100100100100100100100100100100100100100100100100100100100100100100100100100100100100100100100100100100100100100100100100100100100100100100100100100100100100100100100100100100100100100100100100100100100100100100100100100
010010010010010010010010010010010010010010010010010010010010010010010010010010010010010010010010010010010010010010010010010010010010001001010010010001010010001001001010010010010010010010010010010010010010010010010010010
100100100100100100100100100100100100100100100100100100100100100100100100100100100100100100100100100100100100100100100100100100100100100100100100100100100100100100100100100100100100100100100100100100100100100100100100100
010010010010010010010010010010010010010010010010010010010001010010010010010010010010010010010010010010010010010010010010010010010010001001010010010001010010001001001010010001010010010010010010010010010010010010010010010
100100100100100100100100100100100100100100100100100100100100100100100100100100100100100100100100100100100100100100100100100100100100100100100100100100100100100100100100100100100100100100100100100100100100100100100100100
010010010010010010010010010010010010010010010010010010010001010010010010010010010010010010010010010010010010010010010010010010010010001001010010010001010010001001001010010001010010010010010010010010010010010010010010010
100100100100100100100100100100100100100100100100100100100100100100100100100100100100100100100100100100100100100100100100100100100100100100100100100100100100100100100100100100100100100100100100100100100100100100100100100
010010010010010010010010010010010010010010010010010010010001010010010010010010010010010010010010010010010010010010010010010010010010001001010010010001010010001001001010010001010010010010010010010010010010010010010010010
100100100100100100100100100100100100100100100100100100100100100100100100100100100100100100100100100100100100100100100100100100100100100100100100100100100100100100100100100100100100100100100100100100100100100100100100100
010010010010010010010010010010010010010010010010010010010001010010010010010010010010010010010010010010010010010010010010010010010010001001010010010001010010001001001010010001010010010010010010010010010010010010010010010
100100100100100100100100100100100100100100100100100100100100100100100100100100100100100100100100100100100100100100100100100100100100100100100100100100100100100100100100100100100100100100100100100100100100100100100100100
010010010010010010010010010010010010010010010010010010010001010010010010010010010010010010010010010010010010010010010010010010010010001001010010010001010010001001001010010001010010010010010010010010010010010010010010010
100100100100100100100100100100100100100100100100100100100100100100100100100100100100100100100100100100100100100100100100100100100100100100100100100100100100100100100100100100100100100100100100100100100100100100100100100
010010010010010010010010010010010010010010010010010010010001010010010010010010010010010010010010010010010010010010010010010010010010001001010010010001010010001001001010010001010010010010010010010010010010010010010010010
100100100100100100100100100100100100100100100100100100100100100100100100100100100100100100100100100100100100100100100100100100100100100100100100100100100100100100100100100100100100100100100100100100100100100100100100100
010010010010010010010010010010010010010010010010010010010001010010010010010010010010010010010010010010010010010010010010010010010010001001010010010001010010001001001010010001010010010010010010010010010010010010010010010
100100100100100100100100100100100100100100100100100100100100100100100100100100100100100100100100100100100100100100100100100100100100100100100100100100100100100100100100100100100100100100100100100100100100100100100100100
010010010010010010010010010010010010010010010010010010010001010010010010010010010010010010010010010010010010010010010010010010010010001001010010010001010010001001001010010001010010010010010010010010010010010001010010010
100100100100100100100100100100100100100100100100100100100100100100100100100100100100100100100100100100100100100100100100100100100100100100100100100100100100100100100100100100100100100100100100100100100100100100100100100
010010010010010010010010010010010010010010010010010010010001010010010010010010010010010010010010010010010010010010010010010010010010001001010010010001010010001001001010010001010010010010010010010010010010010001010010010
100100100100100100100100100100100100100100100100100100100100100100100100100100100100100100100100100100100100100100100100100100100100100100100100100100100100100100100100100100100100100100100100100100100100100100100100100
010010010010010010010010010010010010010010010010010010010001010010010010010010010010010010010010010010010010010010010010010010010010001001010010010001010010001001001010010001010010010010010010010010010010010001010010010
100100100100100100100100100100100100100100100100100100100100100100100100100100100100100100100100100100100100100100100100100100100100100100100100100100100100100100100100100100100100100100100100100100100100100100100100100
010010010010010010010010010010010010010010010010010010010001010010010010010010010010010010010010010010010010010010010010010010010010001001010010010001010010001001001010010001010010010010010010010010010010010001010010010
100100100100100100100100100100100100100100100100100100100100100100100100100100100100100100100100100100100100100100100100100100100100100100100100100100100100100100100100100100100100100100100100100100100100100100100100100
010010010010010010010010010010010010010010010010010010010001010010010010010010010010010010010010010010010010010010010010010010010010001001010010010001010010001001001010010001010010010010010010010010010010010001010010010
100100100100100100100100100100100100100100100100100100100100100100100100100100100100100100100100100100100100100100100100100100100100100100100100100100100100100100100100100100100100100100100100100100100100100100100100100
010010010010010010010010010010010010010010010010010010010001010010010010010010010010010010010010010010010010010010010010010010010010001001010010010001010010001001001010010001010010010010010010010010010010010001010010010
100100100100100100100100100100100100100100100100100100100100100100100100100100100100100100100100100100100100100100100100100100100100100100100100100100100100100100100100100100100100100100100100100100100100100100100100100
010010010010010010010010010010010010010010010010010010010001010010010010010010010010010010010010010010010010010010010010010010010010001001010010010001010010001001001010010001010010010010010010010010010010010001010010010
100100100100100100100100100100100100100100100100100100100100100100100100100100100100100100100100100100100100100100100100100100100100100100100100100100100100100100100100100100100100100100100100100100100100100100100100100
010010010010010010010010010010010010010010010010010010010001010010010010010010010010010010010010010010010010010010010010010010010010001001010010010001010010001001001010010001010010010010010010010010010010010001010010010
100100100100100100100100100100100100100100100100100100100100100100100100100100100100100100100100100100100100100100100100100100100100100100100100100100100100100100100100100100100100100100100100100100100100100100100100100
010010010010010010010010010010010010010010010010010010010001010010010010010010010010010010010010010010010010010010010010010010010010001001010010010001010010001001001010010001010010010010010010010010010010010001010010010
100100100100100100100100100100100100100100100100100100100100100100100100100100100100100100100100100100100100100100100100100100100100100100100100100100100100100100100100100100100100100100100100100100100100100100100100100
010010010010010010010010010010010010010010010010010010010001010010010010010010010010010010010010010010010010010001010010010010010010001001010010010001010010001001001010010001010010010010010010010010010010010001010010010
100100100100100100100100100100100100100100100100100100100100100100100100100100100100100100100100100100100100100100100100100100100100100100100100100100100100100100100100100100100100100100100100100100100100100100100100100
010010010010010010010010010010010010010010010010010010010001010010010010010010010010010010010010010010010010010001010010010010010010001001010010010001010010001001001010010001010010010010010010010010010010010001010010010
100100100100100100100100100100100100100100100100100100100100100100100100100100100100100100100100100100100100100100100100100100100100100100100100100100100100100100100100100100100100100100100100100100100100100100100100100
010010010010010010010010010010010010010010010010010010010001010010010001010010010010010010010010010010010010010001010010010010010010001001010010010001010010001001001010010001010010010010010010010010010010010001010010010
100100100100100100100100100100100100100100100100100100100100100100100100100100100100100100100100100100100100100100100100100100100100100100100100100100100100100100100100100100100100100100100100100100100100100100100100100
010010010010010010010010010010001010010010010010010010010001010010010001010010010010010010010010010010010010010001010010010010010010001001010010010001010010001001001010010001010010010010010010010010010010010001010010010
100100100100100100100100100100100100100100100100100100100100100100100100100100100100100100100100100100100100100100100100100100100100100100100100100100100100100100100100100100100100100100100100100100100100100100100100100
010010010010010010010010010010001010010010010010010010010001010010010001010010010010010010010010010010010010010001010010010010010010001001010010010001010010001001001010010001010010010010010010010010010010010001010010010
100100100100100100100100100100100100100100100100100100100100100100100100100100100100100100100100100100100100100100100100100100100100100100100100100100100100100100100100100100100100100100100100100100100100100100100100100
010010010010010010010010010010001010010010010010010010010001010010010001010010010010010010010010010010001010010001010010010010010010001001010010010001010010001001001010010001010010010010010010010010010010010001010010010
100100100100100100100100100100100100100100100100100100100100100100100100100100100100100100100100100100100100100100100100100100100100100100100100100100100100100100100100100100100100100100100100100100100100100100100100100
010010010010010010010010010010001010010010010010010010010001010010010001010010010010010010010010010010001010010001010010010010010010001001010010010001010010001001001010010001010010010010010010010010010010010001010010010
100100100100100100100100100100100100100100100100100100100100100100100100100100100100100100100100100100100100100100100100100100100100100100100100100100100100100100100100100100100100100100100100100100100100100100100100100
010010010010010010010010010010001010010010010010010010010001010010010001010010010010010010010010010010001010010001010010010010010010001001010010010001010010001001001010010001010010010010010010010010010010010001010010010
100100100100100100100100100100100100100100100100100100100100100100100100100100100100100100100100100100100100100100100100100100100100100100100100100100100100100100100100100100100100100100100100100100100100100100100100100
010010010010010010010010010010001010010010010010010010010001010010010001010010010010010010010010010010001010010001010010010010010010001001010010010001010010001001001010010001010010010010010010010010010010010001010010010
100100100100100100100100100100100100100100100100100100100100100100100100100100100100100100100100100100100100100100100100100100100100100100100100100100100100100100100100100100100100100100100100100100100100100100100100100
010010010010010010010010010010001010010010010010010010010001010010010001010010010010010010010010010010001010010001010010010010010010001001010010010001010010001001001010010001010010010010010010010010010010010001010010010
100100100100100100100100100100100100100100100100100100100100100100100100100100100100100100100100100100100100100100100100100100100100100100100100100100100100100100100100100100100100100100100100100100100100100100100100100
010010010010010010010010010010001010010010010010010010010001010010010001010010010010010010010010010010001010010001010010010010010010001001010010010001010010001001001010010001010010010010010010010010010010010001010010010
100100100100100100100100100100100100100100100100100100100100100100100100100100100100100100100100100100100100100100100100100100100100100100100100100100100100100100100100100100100100100100100100100100100100100100100100100
010010010010010010010010010010001010010010010010010010010001010010010001010010010010010010010010010010001010010001010010010010010010001001010010010001010010001001001010010001010010010010010010010010010010010001010010010
100100100100100100100100100100100100100100100100100100100100100100100100100100100100100100100100100100100100100100100100100100100100100100100100100100100100100100100100100100100100100100100100100100100100100100100100100
010010010010010001010010010010001010010010010010010010010001010010010001010010010010010010010010010010001010010001010010010010010010001001010010010001010010001001001010010001010010010010010010010010010010010001010010010
100100100100100100100100100100100100100100100100100100100100100100100100100100100100100100100100100100100100100100100100100100100100100100100100100100100100100100100100100100100100100100100100100100100100100100100100100
010010010010010001010010010010001010010010010010010010010001010010010001010010010010010010010010010010001010010001010010010010010010001001010010010001010010001001001010010001010010010010010010010010010010010001010010010
100100100100100100100100100100100100100100100100100100100100100100100100100100100100100100100100100100100100100100100100100100100100100100100100100100100100100100100100100100100100100100100100100100100100100100100100100
010010010010010001010010010010001010010010010010010010010001010010010001010010010010010010010010010010001010010001010010010010010010001001010010010001010010001001001010010001010010010010010010010010010010010001010010010
100100100100100100100100100100100100100100100100100100100100100100100100100100100100100100100100100100100100100100100100100100100100100100100100100100100100100100100100100100100100100100100100100100100100100100100100100
010010010010010001010010010010001010010010010010010010010001010010010001010010010010010010010010010010001010010001010010001010010010001001010010010001010010001001001010010001010010010010010010010010010010010001010010010
100100100100100100100100100100100100100100100100100100100100100100100100100100100100100100100100100100100100100100100100100100100100100100100100100100100100100100100100100100100100100100100100100100100100100100100100100
010010010010010001010010010010001010010010010010010010010001010010010001010010010010010010010010001010001010010001010010001010010010001001010010010001010001001001001010010001010010010010010010010010010010010001010010010
100100100100100100100100100100100100100100100100100100100100100100100100100100100100100100100100100100100100100100100100100100100100100100100100100100100100100100100100100100100100100100100100100100100100100100100100100
010010010010010001010010010010001010010010010010010010010001010010010001010010010010010010010010001010001010010001010010001010010010001001010010010001010001001001001010010001010010010010010010010010010010010001010010010
100100100100100100100100100100100100100100100100100100100100100100100100100100100100100100100100100100100100100100100100100100100100100100100100100100100100100100100100100100100100100100100100100100100100100100100100100
010010010010010001010010010010001010010010010010010010010001010010010001010010010010010010010010001010001010010001010010001010010010001001010010010001010001001001001010001001010010010010010010010010010010010001010010010
100100100100100100100100100100100100100100100100100100100100100100100100100100100100100100100100100100100100100100100100100100100100100100100100100100100100100100100100100100100100100100100100100100100100100100100100100
010010010010010001010010010010001010010010010010010010010001010010010001010010010010010010010010001010001010010001010010001001010010001001010010010001010001001001001010001001010010010010010010010010010010010001010010010
100100100100100100100100100100100100100100100100100100100100100100100100100100100100100100100100100100100100100100100100100100100100100100100100100100100100100100100100100100100100100100100100100100100100100100100100100
010010010010010001010010010010001010010010010010010010010001010010010001010010010010010010010010001010001010010001010010001001010010001001010010010001010001001001001010001001010010010010010010010010010010010001010010010
100100100100100100100100100100100100100100100100100100100100100100100100100100100100100100100100100100100100100100100100100100100100100100100100100100100100100100100100100100100100100100100100100100100100100100100100100
010010010010010001010010010010001010010010010010010010010001010010010001010010001010010010010010001010001010010001010010001001010010001001010010010001010001001001001010001001010010010010010010010010010010010001010010010
100100100100100100100100100100100100100100100100100100100100100100100100100100100100100100100100100100100100100100100100100100100100100100100100100100100100100100100100100100100100100100100100100100100100100100100100100
010010010010010001010010010010001010010010010010010010010001010010010001010010001010010010010010001010001010010001010010001001010010001001010010010001010001001001001010001001010010010010010010010001010010010001010010010
100100100100100100100100100100100100100100100100100100100100100100100100100100100100100100100100100100100100100100100100100100100100100100100100100100100100100100100100100100100100100100100100100100100100100100100100100
010010010010010001010010010010001010010001010010010010010001010010010001010010001010010010010010001010001010010001010010001001010010001001010010010001010001001001001010001001010010010010010010010001010010010001010010010
100100100100100100100100100100100100100100100100100100100100100100100100100100100100100100100100100100100100100100100100100100100100100100100100100100100100100100100100100100100100100100100100100100100100100100100100100
010010010010010001010010010010001010010001001010010010010001010010010001010010001010010010010010001010001010010001010010001001010010001001010010010001010001001001001010001001010010010010010010010001010010010001010010010
100100100100100100100100100100100100100100100100100100100100100100100100100100100100100100100100100100100100100100100100100100100100100100100100100100100100100100100100100100100100100100100100100100100100100100100100100
010010010010010001010010010010001010010001001010010010010001010010010001010010001010010010010010001010001010010001010010001001010010001001010010010001001001001001001010001001010010010010010010010001010010010001010010010
100100100100100100100100100100100100100100100100100100100100100100100100100100100100100100100100100100100100100100100100100100100100100100100100100100100100100100100100100100100100100100100100100100100100100100100100100
010010010010010001010010010010001010010001001010010010010001010010010001010010001010010010010010001010001010001001010010001001010010001001010010010001001001001001001010001001010010010010010010010001010010010001010010010
100100100100100100100100100100100100100100100100100100100100100100100100100100100100100100100100100100100100100100100100100100100100100100100100100100100100100100100100100100100100100100100100100100100100100100100100100
010010010010010001010010010010001010010001001010010010010001010010010001010010001010010010010010001010001010001001010010001001010010001001010010010001001001001001001010001001010010010010010010010001010010001001010010010
100100100100100100100100100100100100100100100100100100100100100100100100100100100100100100100100100100100100100100100100100100100100100100100100100100100100100100100100100100100100100100100100100100100100100100100100100
010010010010010001010010010010001010010001001010010010010001010010010001010010001010010010010010001010001010001001010010001001001010001001010010010001001001001001001010001001010010010010010010010001010010001001010010010
100100100100100100100100100100100100100100100100100100100100100100100100100100100100100100100100100100100100100100100100100100100100100100100100100100100100100100100100100100100100100100100100100100100100100100100100100
010010010010010001010010010010001010010001001010010010010001010010010001010010001010010010010010001010001010001001010010001001001010001001010010010001001001001001001010001001010010010010010010010001010010001001010010010
100100100100100100100100100100100100100100100100100100100100100100100100100100100100100100100100100100100100100100100100100100100100100100100100100100100100100100100100100100100100100100100100100100100100100100100100100
010010010010010001010010010010001010010001001010010010010001010010010001010010001010010010010010001010001010001001010010001001001010001001010010010001001001001001001010001001010010010010010010010001010010001001010010010
100100100100100100100100100100100100100100100100100100100100100100100100100100100100100100100100100100100100100100100100100100100100100100100100100100100100100100100100100100100100100100100100100100100100100100100100100
010010010010010001010010010010001010010001001010010010010001001010010001010010001010010010010010001010001010001001010010001001001010001001010010010001001001001001001010001001010010001010010010010001010010001001010010010
100100100100100100100100100100100100100100100100100100100100100100100100100100100100100100100100100100100100100100100100100100100100100100100100100100100100100100100100100100100100100100100100100100100100100100100100100
010010010010010001010010010010001010010001001010010010010001001010010001010010001010010010010010001010001010001001010010001001001010001001010010010001001001001001001010001001010010001010010010010001010010001001001010010
100100100100100100100100100100100100100100100100100100100100100100100100100100100100100100100100100100100100100100100100100100100100100100100100100100100100100100100100100100100100100100100100100100100100100100100100100
001010010010010001010010010010001010010001001001010010010001001010010001010010001010010010010010001010001010001001010010001001001010001001010010010001001001001001001010001001010010001010010010010001010010001001001010010
100100100100100100100100100100100100100100100100100100100100100100100100100100100100100100100100100100100100100100100100100100100100100100100100100100100100100100100100100100100100100100100100100100100100100100100100100
001010010010010001010010010010001010010001001001010010010001001010010001010010001010010010010010001010001010001001010010001001001010001001010010010001001001001001001010001001010010001010010010010001010010001001001010010
100100100100100100100100100100100100100100100100100100100100100100100100100100100100100100100100100100100100100100100100100100100100100100100100100100100100100100100100100100100100100100100100100100100100100100100100100
001010010010010001010010010010001010010001001001010010010001001010010001010010001010010010010010001010001010001001010010001001001010001001010010010001001001001001001010001001010010001010010010010001010010001001001010010
100100100100100100100100100100100100100100100100100100100100100100100100100100100100100100100100100100100100100100100100100100100100100100100100100100100100100100100100100100100100100100100100100100100100100100100100100
001010010010010001010010010010001010010001001001010010010001001010010001010010001010010010010010001010001010001001010010001001001010001001010010010001001001001001001010001001010010001010010010010001010010001001001010010
100100100100100100100100100100100100100100100100100100100100100100100100100100100100100100100100100100100100100100100100100100100100100100100100100100100100100100100100100100100100100100100100100100100100100100100100100
001010010010010001010010010010001010010001001001010010010001001010010001010010001010010010010010001010001010001001010010001001001010001001010010010001001001001001001010001001010010001010010010010001010010001001001010010
100100100100100100100100100100100100100100100100100100100100100100100100100100100100100100100100100100100100100100100100100100100100100100100100100100100100100100100100100100100100100100100100100100100100100100100100100
001010010010010001010010010010001010010001001001010010010001001010010001010010001010010010010010001010001010001001010010001001001010001001010010010001001001001001001010001001010010001010010010010001010010001001001010010
100100100100100100100100100100100100100100100100100100100100100100100100100100100100100100100100100100100100100100100100100100100100100100100100100100100100100100100100100100100100100100100100100100100100100100100100100
001010010010010001010010010010001010010001001001010010010001001010010001010010001010010010010010001010001010001001010010001001001010001001010010010001001001001001001010001001010010001010010010010001010010001001001010010
100100100100100100100100100100100100100100100100100100100100100100100100100100100100100100100100100100100100100100100100100100100100100100100100100100100100100100100100100100100100100100100100100100100100100100100100100
001010010010010001010010010010001010010001001001010010010001001010001001010010001010010010010010001010001010001001010010001001001010001001010010010001001001001001001010001001010010001010010010010001010010001001001010010
100100100100100100100100100100100100100100100100100100100100100100100100100100100100100100100100100100100100100100100100100100100100100100100100100100100100100100100100100100100100100100100100100100100100100100100100100
001010010010010001010010010010001010010001001001010010010001001010001001001010001010010010001010001010001010001001010010001001001010001001010010010001001001001001001010001001010010001010010010010001010010001001001010010
100100100100100100100100100100100100100100100100100100100100100100100100100100100100100100100100100100100100100100100100100100100100100100100100100100100100100100100100100100100100100100100100100100100100100100100100100
001010010010010001010010010010001010010001001001010010010001001010001001001010001010010010001010001010001010001001010010001001001010001001010001010001001001001001001010001001010010001010010010010001010010001001001010010
100100100100100100100100100100100100100100100100100100100100100100100100100100100100100100100100100100100100100100100100100100100100100100100100100100100100100100100100100100100100100100100100100100100100100100100100100
001010010010010001010010010010001010010001001001010010010001001010001001001010001010010010001010001010001010001001010010001001001010001001010001010001001001001001001010001001010010001010010010010001010010001001001010010
100100100100100100100100100100100100100100100100100100100100100100100100100100100100100100100100100100100100100100100100100100100100100100100100100100100100100100100100100100100100100100100100100100100100100100100100100
001010010010010001010010010010001010010001001001010010010001001010001001001010001010010010001010001010001010001001010010001001001010001001010001010001001001001001001010001001010010001010010010010001010010001001001001010
100100100100100100100100100100100100100100100100100100100100100100100100100100100100100100100100100100100100100100100100100100100100100100100100100100100100100100100100100100100100100100100100100100100100100100100100100
001010010010010001010001010010001010010001001001010010010001001010001001001010001001010010001010001010001010001001010010001001001010001001010001010001001001001001001010001001010010001010010010010001010010001001001001010
100100100100100100100100100100100100100100100100100100100100100100100100100100100100100100100100100100100100100100100100100100100100100100100100100100100100100100100100100100100100100100100100100100100100100100100100100
001010010010010001010001010010001010010001001001010010010001001010001001001010001001010010001010001010001010001001010010001001001010001001010001010001001001001001001010001001010010001010010010010001010010001001001001010
100100100100100100100100100100100100100100100100100100100100100100100100100100100100100100100100100100100100100100100100100100100100100100100100100100100100100100100100100100100100100100100100100100100100100100100100100
001010010010010001010001010010001010010001001001010010010001001010001001001010001001010010001010001010001010001001010010001001001010001001010001010001001001001001001010001001010001001010010010010001010010001001001001010
100100100100100100100100100100100100100100100100100100100100100100100100100100100100100100100100100100100100100100100100100100100100100100100100100100100100100100100100100100100100100100100100100100100100100100100100100
001010010010010001010001010010001010010001001001010010010001001010001001001010001001010010001010001010001010001001010010001001001010001001010001010001001001001001001010001001010001001010010010010001010010001001001001010
100100100100100100100100100100100100100100100100100100100100100100100100100100100100100100100100100100100100100100100100100100100100100100100100100100100100100100100100100100100100100100100100100100100100100100100100100
001010010010010001010001010010001010010001001001010010010001001010001001001010001001010010001010001010001010001001010010001001001010001001010001010001001001001001001010001001010001001010010010010001001010001001001001010
100100100100100100100100100100100100100100100100100100100100100100100100100100100100100100100100100100100100100100100100100100100100100100100100100100100100100100100100100100100100100100100100100100100100100100100100100
001010010010010001010001010010001010010001001001010010010001001010001001001010001001010010001010001010001010001001010010001001001010001001010001010001001001001001001010001001010001001010010010010001001010001001001001010
100100100100100100100100100100100100100100100100100100100100100100100100100100100100100100100100100100100100100100100100100100100100100100100100100100100100100100100100100100100100100100100100100100100100100100100100100
001010010010010001010001010010001010010001001001010010010001001010001001001010001001001010001010001010001010001001010010001001001010001001010001010001001001001001001010001001010001001010010010010001001010001001001001010
100100100100100100100100100100100100100100100100100100100100100100100100100100100100100100100100100100100100100100100100100100100100100100100100100100100100100100100100100100100100100100100100100100100100100100100100100
001010010010010001010001010010001010010001001001010010010001001010001001001010001001001010001010001010001010001001010010001001001010001001010001010001001001001001001010001001010001001010010010010001001010001001001001010
100100100100100100100100100100100100100100100100100100100100100100100100100100100100100100100100100100100100100100100100100100100100100100100100100100100100100100100100100100100100100100100100100100100100100100100100100
001010010010010001010001010010001010010001001001010010010001001010001001001010001001001010001010001010001010001001010010001001001010001001010001010001001001001001001010001001010001001010010010010001001010001001001001010
100100100100100100100100100100100100100100100100100100100100100100100100100100100100100100100100100100100100100100100100100100100100100100100100100100100100100100100100100100100100100100100100100100100100100100100100100
001010010010001001010001010010001010010001001001010010010001001010001001001010001001001010001010001010001010001001010010001001001010001001010001010001001001001001001010001001010001001010010010010001001010001001001001010
100100100100100100100100100100100100100100100100100100100100100100100100100100100100100100100100100100100100100100100100100100100100100100100100100100100100100100100100100100100100100100100100100100100100100100100100100
001010010010001001010001010010001010010001001001010010010001001010001001001010001001001010001010001010001010001001010010001001001010001001010001010001001001001001001010001001010001001010010010010001001010001001001001010
100100100100100100100100100100100100100100100100100100100100100100100100100100100100100100100100100100100100100100100100100100100100100100100100100100100100100100100100100100100100100100100100100100100100100100100100100
001010010010001001010001010010001010010001001001010010010001001010001001001010001001001010001010001010001010001001010010001001001010001001010001010001001001001001001010001001010001001010010010010001001010001001001001010
100100100100100100100100100100100100100100100100100100100100100100100100100100100100100100100100100100100100100100100100100100100100100100100100100100100100100100100100100100100100100100100100100100100100100100100100100
001010010010001001010001010010001010010001001001010010010001001010001001001010001001001010001010001010001010001001010010001001001010001001010001010001001001001001001010001001010001001010010010010001001010001001001001010
100100100100100100100100100100100100100100100100100100100100100100100100100100100100100100100100100100100100100100100100100100100100100100100100100100100100100100100100100100100100100100100100100100100100100100100100100
001010010010001001010001010010001010010001001001010010010001001010001001001010001001001010001010001010001010001001010010001001001010001001010001010001001001001001001010001001010001001010010010010001001010001001001001010
100100100100100100100100100100100100100100100100100100100100100100100100100100100100100100100100100100100100100100100100100100100100100100100100100100100100100100100100100100100100100100100100100100100100100100100100100
001001010010001001010001010010001010010001001001010010010001001010001001001010001001001010001010001010001010001001010010001001001010001001010001010001001001001001001010001001010001001010010010010001001010001001001001010
100100100100100100100100100100100100100100100100100100100100100100100100100100100100100100100100100100100100100100100100100100100100100100100100100100100100100100100100100100100100100100100100100100100100100100100100100
001001010010001001010001010010001010001001001001010010010001001010001001001010001001001010001010001010001010001001010010001001001010001001010001010001001001001001001010001001010001001010010010010001001010001001001001010
100100100100100100100100100100100100100100100100100100100100100100100100100100100100100100100100100100100100100100100100100100100100100100100100100100100100100100100100100100100100100100100100100100100100100100100100100
001001010010001001010001010010001010001001001001010010010001001010001001001001001001001010001010001010001010001001010010001001001010001001010001010001001001001001001010001001010001001010010010010001001010001001001001010
100100100100100100100100100100100100100100100100100100100100100100100100100100100100100100100100100100100100100100100100100100100100100100100100100100100100100100100100100100100100100100100100100100100100100100100100100
001001010010001001010001010010001010001001001001010010010001001010001001001001001001001010001010001010001010001001010010001001001010001001010001010001001001001001001010001001010001001010010010010001001010001001001001010
100100100100100100100100100100100100100100100100100100100100100100100100100100100100100100100100100100100100100100100100100100100100100100100100100100100100100100100100100100100100100100100100100100100100100100100100100
001001010010001001010001010010001010001001001001010010010001001010001001001001001001001010001010001010001010001001010010001001001010001001010001010001001001001001001010001001010001001010010010010001001010001001001001010
100100100100100100100100100100100100100100100100100100100100100100100100100100100100100100100100100100100100100100100100100100100100100100100100100100100100100100100100100100100100100100100100100100100100100100100100100
001001010010001001010001010010001010001001001001010010010001001010001001001001001001001010001010001010001010001001010010001001001010001001010001010001001001001001001010001001010001001010010010010001001010001001001001010
100100100100100100100100100100100100100100100100100100100100100100100100100100100100100100100100100100100100100100100100100100100100100100100100100100100100100100100100100100100100100100100100100100100100100100100100100
001001010010001001010001010010001010001001001001010010010001001010001001001001001001001010001010001010001010001001010001001001001010001001010001010001001001001001001010001001010001001010010010010001001010001001001001010
100100100100100100100100100100100100100100100100100100100100100100100100100100100100100100100100100100100100100100100100100100100100100100100100100100100100100100100100100100100100100100100100100100100100100100100100100
001001010010001001010001010010001010001001001001010010010001001010001001001001001001001010001001001010001010001001010001001001001010001001010001010001001001001001001010001001010001001001010010010001001010001001001001010
100100100100100100100100100100100100100100100100100100100100100100100100100100100100100100100100100100100100100100100100100100100100100100100100100100100100100100100100100100100100100100100100100100100100100100100100100
001001010010001001010001010010001010001001001001010010010001001010001001001001001001001010001001001010001010001001010001001001001010001001010001010001001001001001001010001001010001001001010010010001001010001001001001010
100100100100100100100100100100100100100100100100100100100100100100100100100100100100100100100100100100100100100100100100100100100100100100100100100100100100100100100100100100100100100100100100100100100100100100100100100
001001010010001001010001010010001010001001001001010010010001001010001001001001001001001010001001001010001010001001010001001001001010001001010001010001001001001001001010001001010001001001010010010001001010001001001001010
100100100100100100100100100100100100100100100100100100100100100100100100100100100100100100100100100100100100100100100100100100100100100100100100100100100100100100100100100100100100100100100100100100100100100100100100100
001001010010001001010001010010001010001001001001010010010001001010001001001001001001001010001001001010001010001001010001001001001010001001010001010001001001001001001010001001010001001001010010010001001010001001001001010
100100100100100100100100100100100100100100100100100100100100100100100100100100100100100100100100100100100100100100100100100100100100100100100100100100100100100100100100100100100100100100100100100100100100100100100100100
001001010010001001010001010010001010001001001001010010010001001010001001001001001001001010001001001010001010001001010001001001001010001001010001010001001001001001001010001001001001001001010010010001001010001001001001010
100100100100100100100100100100100100100100100100100100100100100100100100100100100100100100100100100100100100100100100100100100100100100100100100100100100100100100100100100100100100100100100100100100100100100100100100100
001001010010001001010001010010001010001001001001010010010001001010001001001001001001001010001001001010001010001001010001001001001010001001010001010001001001001001001010001001001001001001010010010001001010001001001001010
100100100100100100100100100100100100100100100100100100100100100100100100100100100100100100100100100100100100100100100100100100100100100100100100100100100100100100100100100100100100100100100100100100100100100100100100100
001001010010001001010001010010001010001001001001010010010001001010001001001001001001001010001001001010001010001001010001001001001010001001010001010001001001001001001010001001001001001001010010010001001010001001001001010
100100100100100100100100100100100100100100100100100100100100100100100100100100100100100100100100100100100100100100100100100100100100100100100100100100100100100100100100100100100100100100100100100100100100100100100100100
001001010010001001010001010010001010001001001001010010010001001010001001001001001001001010001001001010001010001001010001001001001010001001010001010001001001001001001010001001001001001001010010010001001010001001001001010
100100100100100100100100100100100100100100100100100100100100100100100100100100100100100100100100100100100100100100100100100100100100100100100100100100100100100100100100100100100100100100100100100100100100100100100100100
001001010010001001010001010010001010001001001001010010010001001010001001001001001001001010001001001010001010001001010001001001001010001001010001010001001001001001001010001001001001001001010001010001001010001001001001010
100100100100100100100100100100100100100100100100100100100100100100100100100100100100100100100100100100100100100100100100100100100100100100100100100100100100100100100100100100100100100100100100100100100100100100100100100
001001001010001001010001010010001010001001001001010010010001001010001001001001001001001010001001001001001010001001010001001001001010001001010001010001001001001001001010001001001001001001010001010001001010001001001001010
100100100100100100100100100100100100100100100100100100100100100100100100100100100100100100100100100100100100100100100100100100100100100100100100100100100100100100100100100100100100100100100100100100100100100100100100100
001001001010001001010001010010001010001001001001010010010001001010001001001001001001001010001001001001001010001001010001001001001010001001010001010001001001001001001010001001001001001001010001010001001001001001001001010
100100100100100100100100100100100100100100100100100100100100100100100100100100100100100100100100100100100100100100100100100100100100100100100100100100100100100100100100100100100100100100100100100100100100100100100100100
001001001010001001010001010010001010001001001001010010010001001010001001001001001001001001001001001001001010001001010001001001001001001001010001010001001001001001001010001001001001001001010001010001001001001001001001010
100100100100100100100100100100100100100100100100100100100100100100100100100100100100100100100100100100100100100100100100100100100100100100100100100100100100100100100100100100100100100100100100100100100100100100100100100
001001001010001001010001010010001010001001001001010010010001001010001001001001001001001001001001001001001010001001010001001001001001001001010001010001001001001001001010001001001001001001010001010001001001001001001001010
100100100100100100100100100100100100100100100100100100100100100100100100100100100100100100100100100100100100100100100100100100100100100100100100100100100100100100100100100100100100100100100100100100100100100100100100100
001001001010001001010001010010001010001001001001001010001001001010001001001001001001001001001001001001001010001001010001001001001001001001010001010001001001001001001010001001001001001001010001010001001001001001001001010
100100100100100100100100100100100100100100100100100100100100100100100100100100100100100100100100100100100100100100100100100100100100100100100100100100100100100100100100100100100100100100100100100100100100100100100100100
001001001010001001010001010010001010001001001001001010001001001010001001001001001001001001001001001001001010001001010001001001001001001001010001010001001001001001001010001001001001001001010001010001001001001001001001010
100100100100100100100100100100100100100100100100100100100100100100100100100100100100100100100100100100100100100100100100100100100100100100100100100100100100100100100100100100100100100100100100100100100100100100100100100
001001001001001001010001010010001010001001001001001010001001001010001001001001001001001001001001001001001010001001010001001001001001001001010001010001001001001001001010001001001001001001010001010001001001001001001001010
100100100100100100100100100100100100100100100100100100100100100100100100100100100100100100100100100100100100100100100100100100100100100100100100100100100100100100100100100100100100100100100100100100100100100100100100100
001001001001001001010001010010001010001001001001001010001001001010001001001001001001001001001001001001001010001001010001001001001001001001010001010001001001001001001010001001001001001001010001010001001001001001001001010
100100100100100100100100100100100100100100100100100100100100100100100100100100100100100100100100100100100100100100100100100100100100100100100100100100100100100100100100100100100100100100100100100100100100100100100100100
001001001001001001010001010010001010001001001001001010001001001010001001001001001001001001001001001001001010001001010001001001001001001001010001010001001001001001001010001001001001001001010001010001001001001001001001010
100100100100100100100100100100100100100100100100100100100100100100100100100100100100100100100100100100100100100100100100100100100100100100100100100100100100100100100100100100100100100100100100100100100100100100100100100
001001001001001001010001001010001010001001001001001010001001001010001001001001001001001001001001001001001010001001010001001001001001001001010001001001001001001001001010001001001001001001010001010001001001001001001001010
100100100100100100100100100100100100100100100100100100100100100100100100100100100100100100100100100100100100100100100100100100100100100100100100100100100100100100100100100100100100100100100100100100100100100100100100100
001001001001001001010001001010001010001001001001001010001001001010001001001001001001001001001001001001001010001001010001001001001001001001010001001001001001001001001010001001001001001001010001010001001001001001001001010
100100100100100100100100100100100100100100100100100100100100100100100100100100100100100100100100100100100100100100100100100100100100100100100100100100100100100100100100100100100100100100100100100100100100100100100100100
001001001001001001010001001010001010001001001001001001001001001010001001001001001001001001001001001001001010001001010001001001001001001001001001001001001001001001001010001001001001001001010001010001001001001001001001010
100100100100100100100100100100100100100100100100100100100100100100100100100100100100100100100100100100100100100100100100100100100100100100100100100100100100100100100100100100100100100100100100100100100100100100100100100
001001001001001001010001001010001010001001001001001001001001001010001001001001001001001001001001001001001010001001010001001001001001001001001001001001001001001001001010001001001001001001010001010001001001001001001001010
100100100100100100100100100100100100100100100100100100100100100100100100100100100100100100100100100100100100100100100100100100100100100100100100100100100100100100100100100100100100100100100100100100100100100100100100100
001001001001001001010001001001001010001001001001001001001001001010001001001001001001001001001001001001001010001001001001001001001001001001001001001001001001001001001001001001001001001001010001010001001001001001001001010
100100100100100100100100100100100100100100100100100100100100100100100100100100100100100100100100100100100100100100100100100100100100100100100100100100100100100100100100100100100100100100100100100100100100100100100100100
001001001001001001010001001001001010001001001001001001001001001010001001001001001001001001001001001001001010001001001001001001001001001001001001001001001001001001001001001001001001001001010001010001001001001001001001010
100100100100100100100100100100100100100100100100100100100100100100100100100100100100100100100100100100100100100100100100100100100100100100100100100100100100100100100100100100100100100100100100100100100100100100100100100
001001001001001001001001001001001010001001001001001001001001001010001001001001001001001001001001001001001010001001001001001001001001001001001001001001001001001001001001001001001001001001001001010001001001001001001001010
100100100100100100100100100100100100100100100100100100100100100100100100100100100100100100100100100100100100100100100100100100100100100100100100100100100100100100100100100100100100100100100100100100100100100100100100100
001001001001001001001001001001001010001001001001001001001001001010001001001001001001001001001001001001001010001001001001001001001001001001001001001001001001001001001001001001001001001001001001010001001001001001001001010
100100100100100100100100100100100100100100100100100100100100100100100100100100100100100100100100100100100100100100100100100100100100100100100100100100100100100100100100100100100100100100100100100100100100100100100100100
001001001001001001001001001001001010001001001001001001001001001001001001001001001001001001001001001001001001001001001001001001001001001001001001001001001001001001001001001001001001001001001001001001001001001001001001000
100100100100100100100100100100100100100100100100100100100100100100100100100100100100100100100100100100100100100100100100100100100100100100100100100100100100100100100100100100100100100100100100100100100100100100100100100
001001001001001001001001001001001001001001001001001001001001001001001001001001001001001001001001001001001001001001001001001001001001001001001001001001001001001001001001001001001001001001001001001001001001001001001001000
100100100100100100100100100100100100100100100100100100100100100100100100100100100100100100100100100100100100100100100100100100100100100100100100100100100100100100100100100100100100100100100100100100100100100100100100100
